TimeSlice	Time	LH_AnkleZ	LH_Knee	LH_HipZ
0	0	0	0	0
1	0.00054	8.14778e-017	-2.6563e-018	8.29415e-017
2	0.00108	8.82725e-005	0.000137164	6.38509e-005
3	0.00162	0.000278607	0.00040825	0.000187893
4	0.00216	0.000582339	0.000809385	0.000368255
5	0.0027	0.000995473	0.00133556	0.000601189
6	0.00324	0.00149755	0.00198009	0.000883077
7	0.00378	0.00205015	0.00273032	0.00120955
8	0.00432	0.00261392	0.00357219	0.00157595
9	0.00486	0.0031459	0.00449093	0.0019776
10	0.0054	0.00360217	0.00547167	0.00240984
11	0.00594	0.00394081	0.0064998	0.0028681
12	0.00648	0.00411956	0.00755989	0.00334773
13	0.00702	0.00409159	0.0086338	0.00384387
14	0.00756	0.00381925	0.00970502	0.00435181
15	0.0081	0.00327699	0.0107593	0.00486699
16	0.00864	0.00248771	0.0117861	0.00538407
17	0.00918	0.00152038	0.0127785	0.00589699
18	0.00972	0.000513322	0.0137341	0.00639849
19	0.01026	-0.000337592	0.0146551	0.00688057
20	0.0108	-0.000885104	0.0155434	0.00733687
21	0.01134	-0.00106437	0.0163983	0.00776345
22	0.01188	-0.000905175	0.0172161	0.00815903
23	0.01242	-0.000520681	0.0179902	0.00852467
24	0.01296	-4.53028e-005	0.0187142	0.00886241
25	0.0135	0.000428074	0.0193847	0.00917376
26	0.01404	0.000836394	0.0200001	0.00945973
27	0.01458	0.00112438	0.0205605	0.0097216
28	0.01512	0.00124988	0.0210678	0.00996066
29	0.01566	0.00118777	0.0215254	0.0101781
30	0.0162	0.000932264	0.0219387	0.0103751
31	0.01674	0.000496934	0.0223142	0.0105522
32	0.01728	-8.74902e-005	0.0226598	0.0107102
33	0.01782	-0.000776722	0.0229837	0.0108492
34	0.01836	-0.00151581	0.0232945	0.0109693
35	0.0189	-0.0022483	0.0235989	0.0110703
36	0.01944	-0.00292633	0.0239016	0.011152
37	0.01998	-0.00351188	0.0242061	0.0112141
38	0.02052	-0.00397988	0.024515	0.011257
39	0.02106	-0.00432074	0.0248297	0.011281
40	0.0216	-0.00454031	0.0251507	0.0112871
41	0.02214	-0.00465862	0.0254774	0.0112763
42	0.02268	-0.00470706	0.0258083	0.0112501
43	0.02322	-0.00472158	0.0261418	0.0112101
44	0.02376	-0.00474023	0.0264759	0.0111578
45	0.0243	-0.00480055	0.0268089	0.0110949
46	0.02484	-0.00493423	0.0271389	0.0110229
47	0.02538	-0.00515303	0.0274651	0.0109428
48	0.02592	-0.00546653	0.027786	0.0108553
49	0.02646	-0.00588312	0.0281001	0.0107614
50	0.027	-0.00640677	0.0284061	0.0106616
51	0.02754	-0.00703669	0.0287031	0.0105566
52	0.02808	-0.00775872	0.0289915	0.0104469
53	0.02862	-0.0085316	0.0292726	0.0103322
54	0.02916	-0.00928133	0.0295497	0.0102116
55	0.0297	-0.00993921	0.0298261	0.0100844
56	0.03024	-0.0104508	0.0301043	0.00994997
57	0.03078	-0.0107869	0.0303853	0.00980849
58	0.03132	-0.0109525	0.0306685	0.00966068
59	0.03186	-0.0109859	0.0309514	0.00950796
60	0.0324	-0.01095	0.0312302	0.00935227
61	0.03294	-0.010914	0.031501	0.00919567
62	0.03348	-0.010939	0.0317603	0.0090401
63	0.03402	-0.0110632	0.0320062	0.00888694
64	0.03456	-0.0113034	0.032238	0.00873712
65	0.0351	-0.0116617	0.0324564	0.00859141
66	0.03564	-0.0121259	0.0326637	0.00845031
67	0.03618	-0.0126705	0.0328631	0.00831412
68	0.03672	-0.0132599	0.0330585	0.00818296
69	0.03726	-0.0138496	0.0332548	0.00805671
70	0.0378	-0.0143831	0.0334566	0.00793484
71	0.03834	-0.0148148	0.033668	0.00781696
72	0.03888	-0.0151176	0.0338917	0.00770296
73	0.03942	-0.0152881	0.0341288	0.00759312
74	0.03996	-0.0153466	0.0343787	0.00748813
75	0.0405	-0.015331	0.0346397	0.00738891
76	0.04104	-0.0152692	0.0349095	0.00729596
77	0.04158	-0.015194	0.0351857	0.00720978
78	0.04212	-0.0151387	0.0354654	0.00713085
79	0.04266	-0.0151338	0.0357463	0.00705958
80	0.0432	-0.0152035	0.0360264	0.00699625
81	0.04374	-0.0153631	0.0363044	0.006941
82	0.04428	-0.0156171	0.0365802	0.00689378
83	0.04482	-0.0159594	0.0368541	0.00685438
84	0.04536	-0.0163737	0.0371276	0.00682241
85	0.0459	-0.0168364	0.0374027	0.00679734
86	0.04644	-0.0173182	0.0376815	0.00677851
87	0.04698	-0.0177863	0.0379666	0.00676518
88	0.04752	-0.0182108	0.0382601	0.00675662
89	0.04806	-0.0185688	0.0385634	0.00675215
90	0.0486	-0.0188461	0.0388772	0.0067512
91	0.04914	-0.0190395	0.0392012	0.00675334
92	0.04968	-0.0191566	0.0395343	0.00675827
93	0.05022	-0.0192127	0.0398745	0.00676581
94	0.05076	-0.0192291	0.0402195	0.00677585
95	0.0513	-0.0192311	0.0405667	0.00678835
96	0.05184	-0.0192454	0.0409133	0.0068033
97	0.05238	-0.0192968	0.0412569	0.00682071
98	0.05292	-0.0194053	0.0415955	0.00684054
99	0.05346	-0.0195841	0.0419278	0.00686267
100	0.054	-0.019838	0.0422534	0.00688691
101	0.05454	-0.0201632	0.0425725	0.00691295
102	0.05508	-0.0205478	0.0428862	0.0069404
103	0.05562	-0.0209732	0.043196	0.00696879
104	0.05616	-0.0214168	0.0435038	0.0069976
105	0.0567	-0.0218523	0.0438119	0.00702623
106	0.05724	-0.0222555	0.044122	0.00705413
107	0.05778	-0.022607	0.0444358	0.00708082
108	0.05832	-0.0228945	0.0447541	0.00710593
109	0.05886	-0.0231143	0.0450771	0.00712921
110	0.0594	-0.0232713	0.0454042	0.00715053
111	0.05994	-0.0233775	0.0457341	0.00716989
112	0.06048	-0.0234492	0.0460654	0.00718733
113	0.06102	-0.0235068	0.0463961	0.007203
114	0.06156	-0.0235716	0.0467243	0.00721707
115	0.0621	-0.023664	0.0470482	0.00722972
116	0.06264	-0.023801	0.0473664	0.00724112
117	0.06318	-0.023994	0.0476779	0.00725139
118	0.06372	-0.024248	0.0479823	0.00726056
119	0.06426	-0.0245608	0.0482799	0.00726859
120	0.0648	-0.0249235	0.0485717	0.00727539
121	0.06534	-0.0253217	0.0488588	0.00728077
122	0.06588	-0.0257373	0.049143	0.00728449
123	0.06642	-0.0261492	0.049426	0.0072863
124	0.06696	-0.0265372	0.0497095	0.00728592
125	0.0675	-0.0268849	0.0499948	0.00728314
126	0.06804	-0.0271814	0.0502828	0.00727785
127	0.06858	-0.0274223	0.0505738	0.00726998
128	0.06912	-0.0276107	0.0508674	0.00725962
129	0.06966	-0.0277553	0.0511628	0.00724692
130	0.0702	-0.0278687	0.0514588	0.00723209
131	0.07074	-0.0279671	0.0517541	0.00721539
132	0.07128	-0.0280676	0.0520471	0.00719713
133	0.07182	-0.0281869	0.0523364	0.0071776
134	0.07236	-0.028339	0.052621	0.0071571
135	0.0729	-0.0289555	0.0526164	0.00704893
136	0.07344	-0.0296623	0.0526052	0.00694111
137	0.07398	-0.0303772	0.0526021	0.00683463
138	0.07452	-0.0310452	0.0526005	0.00672398
139	0.07506	-0.0316173	0.052599	0.00660599
140	0.0756	-0.0320604	0.0525974	0.00647923
141	0.07614	-0.0323576	0.0525959	0.00634297
142	0.07668	-0.0325074	0.0525944	0.00619717
143	0.07722	-0.032526	0.0525929	0.00604254
144	0.07776	-0.0324428	0.0525914	0.00588034
145	0.0783	-0.032291	0.0525899	0.00571206
146	0.07884	-0.0321094	0.0525884	0.00553941
147	0.07938	-0.0319381	0.0525869	0.00536418
148	0.07992	-0.0318063	0.0525855	0.00518776
149	0.08046	-0.0317276	0.052584	0.00501095
150	0.081	-0.0317134	0.0525826	0.00483442
151	0.08154	-0.0317726	0.0525811	0.00465876
152	0.08208	-0.0319107	0.0525797	0.00448441
153	0.08262	-0.0321308	0.0525783	0.00431168
154	0.08316	-0.0324326	0.0525769	0.00414074
155	0.0837	-0.0328131	0.0525755	0.00397163
156	0.08424	-0.0332664	0.0525741	0.00380427
157	0.08478	-0.0337845	0.0525727	0.00363847
158	0.08532	-0.0343433	0.0525714	0.00347342
159	0.08586	-0.0349071	0.05257	0.00330785
160	0.0864	-0.0354417	0.0525686	0.00314056
161	0.08694	-0.0359178	0.0525673	0.00297051
162	0.08748	-0.0363136	0.052566	0.00279698
163	0.08802	-0.0366168	0.0525646	0.00261964
164	0.08856	-0.0368253	0.0525633	0.00243854
165	0.0891	-0.0369468	0.052562	0.00225414
166	0.08964	-0.0369975	0.0525607	0.00206724
167	0.09018	-0.0369973	0.0525594	0.00187877
168	0.09072	-0.0369699	0.0525581	0.00168984
169	0.09126	-0.0369405	0.0525569	0.0015016
170	0.0918	-0.036933	0.0525556	0.00131513
171	0.09234	-0.0369685	0.0525543	0.00113141
172	0.09288	-0.0370628	0.0525531	0.000951169
173	0.09342	-0.0372254	0.0525518	0.000774899
174	0.09396	-0.0374587	0.0525506	0.000602774
175	0.0945	-0.0377581	0.0525494	0.000434679
176	0.09504	-0.0381129	0.0525482	0.000270233
177	0.09558	-0.0385071	0.0525469	0.000108843
178	0.09612	-0.038922	0.0525457	-5.02206e-005
179	0.09666	-0.0393362	0.0525445	-0.000207792
180	0.0972	-0.039729	0.0525433	-0.000364686
181	0.09774	-0.0400831	0.0525422	-0.000521593
182	0.09828	-0.0403862	0.052541	-0.000679008
183	0.09882	-0.0406317	0.0525398	-0.000837201
184	0.09936	-0.0408196	0.0525387	-0.000996186
185	0.0999	-0.0409556	0.0525375	-0.00115574
186	0.10044	-0.0410489	0.0525364	-0.00131552
187	0.10098	-0.0411122	0.0525352	-0.00147502
188	0.10152	-0.0411604	0.0525341	-0.00163365
189	0.10206	-0.0412095	0.052533	-0.00179081
190	0.1026	-0.0412745	0.0525319	-0.00194592
191	0.10314	-0.0413682	0.0525308	-0.00209848
192	0.10368	-0.0415	0.0525297	-0.00224815
193	0.10422	-0.0416755	0.0525286	-0.00239476
194	0.10476	-0.0418954	0.0525275	-0.00253832
195	0.1053	-0.0421563	0.0525264	-0.00267901
196	0.10584	-0.042451	0.0525253	-0.00281719
197	0.10638	-0.0427694	0.0525243	-0.00295331
198	0.10692	-0.0430991	0.0525232	-0.00308794
199	0.10746	-0.0434277	0.0525222	-0.00322164
200	0.108	-0.0437426	0.0525211	-0.00335498
201	0.10854	-0.0440333	0.0525201	-0.00348844
202	0.10908	-0.0442924	0.052519	-0.00362239
203	0.10962	-0.0445158	0.052518	-0.00375705
204	0.11016	-0.0447033	0.052517	-0.00389248
205	0.1107	-0.044858	0.052516	-0.00402862
206	0.11124	-0.0449857	0.052515	-0.00416528
207	0.11178	-0.0450948	0.052514	-0.00430217
208	0.11232	-0.045195	0.052513	-0.00443895
209	0.11286	-0.0452965	0.052512	-0.00457524
210	0.1134	-0.0454088	0.052511	-0.00471071
211	0.11394	-0.0455403	0.0525101	-0.00484504
212	0.11448	-0.0456969	0.0525091	-0.00497804
213	0.11502	-0.0458819	0.0525081	-0.00510961
214	0.11556	-0.0460959	0.0525072	-0.00523976
215	0.1161	-0.0463366	0.0525062	-0.0053686
216	0.11664	-0.0465991	0.0525053	-0.00549638
217	0.11718	-0.0468765	0.0525044	-0.00562338
218	0.11772	-0.0471611	0.0525034	-0.00574996
219	0.11826	-0.0474445	0.0525025	-0.00587646
220	0.1188	-0.0477192	0.0525016	-0.00600322
221	0.11934	-0.0479785	0.0525007	-0.00613053
222	0.11988	-0.0482174	0.0524998	-0.0062586
223	0.12042	-0.0484334	0.0524989	-0.00638754
224	0.12096	-0.048626	0.052498	-0.00651739
225	0.1215	-0.0487971	0.0524971	-0.00664806
226	0.12204	-0.0489507	0.0524962	-0.00677941
227	0.12258	-0.0490922	0.0524953	-0.00691121
228	0.12312	-0.0492281	0.0524944	-0.0070432
229	0.12366	-0.0493648	0.0524936	-0.00717511
230	0.1242	-0.0495088	0.0524927	-0.00730668
231	0.12474	-0.0496652	0.0524919	-0.00743768
232	0.12528	-0.049838	0.052491	-0.00756794
233	0.12582	-0.0500293	0.0524902	-0.00769737
234	0.12636	-0.0502394	0.0524893	-0.00782594
235	0.1269	-0.0504667	0.0524885	-0.00795371
236	0.12744	-0.0507079	0.0524877	-0.00808079
237	0.12798	-0.0509584	0.0524868	-0.00820735
238	0.12852	-0.0512133	0.052486	-0.00833358
239	0.12906	-0.051467	0.0524852	-0.00845968
240	0.1296	-0.0517145	0.0524844	-0.00858586
241	0.13014	-0.0519513	0.0524836	-0.00871226
242	0.13068	-0.0521746	0.0524828	-0.008839
243	0.13122	-0.0523825	0.052482	-0.00896613
244	0.13176	-0.0525747	0.0524812	-0.00909365
245	0.1323	-0.0527527	0.0524805	-0.00922147
246	0.13284	-0.0529191	0.0524797	-0.00934948
247	0.13338	-0.0530776	0.0524789	-0.00947751
248	0.13392	-0.0532323	0.0524781	-0.00960537
249	0.13446	-0.0533877	0.0524774	-0.00973287
250	0.135	-0.0535479	0.0524766	-0.00985983
251	0.13554	-0.0537163	0.0524759	-0.00998609
252	0.13608	-0.0538954	0.0524751	-0.0101115
253	0.13662	-0.0540865	0.0524744	-0.0102361
254	0.13716	-0.0542897	0.0524736	-0.0103598
255	0.1377	-0.0545038	0.0524729	-0.0104826
256	0.13824	-0.0547267	0.0524722	-0.0106046
257	0.13878	-0.0549554	0.0524715	-0.0107259
258	0.13932	-0.0551863	0.0524707	-0.0108467
259	0.13986	-0.0554161	0.05247	-0.010967
260	0.1404	-0.0556414	0.0524693	-0.0110871
261	0.14094	-0.0558594	0.0524686	-0.011207
262	0.14148	-0.0560682	0.0524679	-0.0113269
263	0.14202	-0.0562666	0.0524672	-0.0114466
264	0.14256	-0.0564548	0.0524665	-0.0115663
265	0.1431	-0.0566337	0.0524658	-0.0116858
266	0.14364	-0.0568051	0.0524652	-0.0118052
267	0.14418	-0.0569714	0.0524645	-0.0119243
268	0.14472	-0.0571354	0.0524638	-0.012043
269	0.14526	-0.0573	0.0524631	-0.0121612
270	0.1458	-0.057468	0.0524625	-0.0122788
271	0.14634	-0.0576414	0.0524618	-0.0123956
272	0.14688	-0.0578217	0.0524612	-0.0125117
273	0.14742	-0.0580099	0.0524605	-0.012627
274	0.14796	-0.0582059	0.0524599	-0.0127415
275	0.1485	-0.0584092	0.0524592	-0.0128552
276	0.14904	-0.0586179	0.0524586	-0.0129682
277	0.14958	-0.0588302	0.0524579	-0.0130807
278	0.15012	-0.0590438	0.0524573	-0.0131926
279	0.15066	-0.0592563	0.0524567	-0.0133041
280	0.1512	-0.0594657	0.0524561	-0.0134152
281	0.15174	-0.0596701	0.0524554	-0.0135262
282	0.15228	-0.0598684	0.0524548	-0.013637
283	0.15282	-0.0600599	0.0524542	-0.0137476
284	0.15336	-0.0602447	0.0524536	-0.013858
285	0.1539	-0.0604234	0.052453	-0.0139684
286	0.15444	-0.0605973	0.0524524	-0.0140785
287	0.15498	-0.060768	0.0524518	-0.0141883
288	0.15552	-0.0609373	0.0524512	-0.0142978
289	0.15606	-0.0611072	0.0524506	-0.0144069
290	0.1566	-0.0612794	0.05245	-0.0145156
291	0.15714	-0.0614553	0.0524495	-0.0146237
292	0.15768	-0.0616359	0.0524489	-0.0147313
293	0.15822	-0.0618217	0.0524483	-0.0148383
294	0.15876	-0.0620126	0.0524477	-0.0149448
295	0.1593	-0.062208	0.0524472	-0.0150507
296	0.15984	-0.0624069	0.0524466	-0.0151562
297	0.16038	-0.0626081	0.0524461	-0.0152613
298	0.16092	-0.0628099	0.0524455	-0.015366
299	0.16146	-0.0630107	0.052445	-0.0154704
300	0.162	-0.0632093	0.0524444	-0.0155746
301	0.16254	-0.0634046	0.0524439	-0.0156787
302	0.16308	-0.0635957	0.0524433	-0.0157826
303	0.16362	-0.0637823	0.0524428	-0.0158864
304	0.16416	-0.0639644	0.0524423	-0.0159901
305	0.1647	-0.0641427	0.0524417	-0.0160936
306	0.16524	-0.0643178	0.0524412	-0.016197
307	0.16578	-0.064491	0.0524407	-0.0163002
308	0.16632	-0.0646634	0.0524402	-0.0164031
309	0.16686	-0.0648363	0.0524396	-0.0165057
310	0.1674	-0.0650108	0.0524391	-0.016608
311	0.16794	-0.0651877	0.0524386	-0.01671
312	0.16848	-0.0653678	0.0524381	-0.0168115
313	0.16902	-0.0655512	0.0524376	-0.0169126
314	0.16956	-0.0657379	0.0524371	-0.0170133
315	0.1701	-0.0659273	0.0524366	-0.0171136
316	0.17064	-0.0661189	0.0524361	-0.0172136
317	0.17118	-0.0663117	0.0524356	-0.0173132
318	0.17172	-0.0665047	0.0524351	-0.0174125
319	0.17226	-0.0666969	0.0524346	-0.0175117
320	0.1728	-0.0668874	0.0524342	-0.0176106
321	0.17334	-0.0670755	0.0524337	-0.0177093
322	0.17388	-0.0672609	0.0524332	-0.0178079
323	0.17442	-0.0674432	0.0524327	-0.0179063
324	0.17496	-0.0676225	0.0524323	-0.0180045
325	0.1755	-0.0677992	0.0524318	-0.0181026
326	0.17604	-0.0679738	0.0524313	-0.0182005
327	0.17658	-0.0681471	0.0524309	-0.0182982
328	0.17712	-0.0683199	0.0524304	-0.0183956
329	0.17766	-0.0684932	0.05243	-0.0184927
330	0.1782	-0.0686675	0.0524295	-0.0185895
331	0.17874	-0.0688435	0.0524291	-0.0186859
332	0.17928	-0.0690216	0.0524286	-0.018782
333	0.17982	-0.0692019	0.0524282	-0.0188777
334	0.18036	-0.0693842	0.0524277	-0.018973
335	0.1809	-0.0695681	0.0524273	-0.019068
336	0.18144	-0.0697533	0.0524269	-0.0191626
337	0.18198	-0.0699391	0.0524264	-0.0192569
338	0.18252	-0.0701248	0.052426	-0.019351
339	0.18306	-0.0703098	0.0524256	-0.0194447
340	0.1836	-0.0704935	0.0524252	-0.0195382
341	0.18414	-0.0706755	0.0524247	-0.0196315
342	0.18468	-0.0708555	0.0524243	-0.0197246
343	0.18522	-0.0710334	0.0524239	-0.0198175
344	0.18576	-0.0712093	0.0524235	-0.0199101
345	0.1863	-0.0713834	0.0524231	-0.0200026
346	0.18684	-0.0715563	0.0524227	-0.0200948
347	0.18738	-0.0717284	0.0524223	-0.0201867
348	0.18792	-0.0719003	0.0524219	-0.0202783
349	0.18846	-0.0720726	0.0524215	-0.0203697
350	0.189	-0.0722455	0.0524211	-0.0204607
351	0.18954	-0.0724195	0.0524207	-0.0205514
352	0.19008	-0.0725947	0.0524203	-0.0206417
353	0.19062	-0.0727713	0.0524199	-0.0207317
354	0.19116	-0.0729491	0.0524195	-0.0208213
355	0.1917	-0.0731278	0.0524191	-0.0209106
356	0.19224	-0.0733071	0.0524188	-0.0209996
357	0.19278	-0.0734868	0.0524184	-0.0210883
358	0.19332	-0.0736662	0.052418	-0.0211767
359	0.19386	-0.0738451	0.0524176	-0.0212649
360	0.1944	-0.074023	0.0524173	-0.0213528
361	0.19494	-0.0741996	0.0524169	-0.0214405
362	0.19548	-0.0743749	0.0524165	-0.0215279
363	0.19602	-0.0745488	0.0524162	-0.0216151
364	0.19656	-0.0747214	0.0524158	-0.0217021
365	0.1971	-0.0748928	0.0524154	-0.0217888
366	0.19764	-0.0750633	0.0524151	-0.0218753
367	0.19818	-0.0752334	0.0524147	-0.0219616
368	0.19872	-0.0754032	0.0524144	-0.0220476
369	0.19926	-0.0755731	0.052414	-0.0221333
370	0.1998	-0.0757435	0.0524137	-0.0222187
371	0.20034	-0.0759145	0.0524133	-0.0223038
372	0.20088	-0.0760864	0.052413	-0.0223886
373	0.20142	-0.0762592	0.0524126	-0.0224732
374	0.20196	-0.0764327	0.0524123	-0.0225574
375	0.2025	-0.0766068	0.052412	-0.0226413
376	0.20304	-0.0767813	0.0524116	-0.0227249
377	0.20358	-0.076956	0.0524113	-0.0228083
378	0.20412	-0.0771303	0.052411	-0.0228915
379	0.20466	-0.0773042	0.0524106	-0.0229743
380	0.2052	-0.0774773	0.0524103	-0.023057
381	0.20574	-0.0776496	0.05241	-0.0231394
382	0.20628	-0.0778208	0.0524097	-0.0232217
383	0.20682	-0.0779911	0.0524093	-0.0233037
384	0.20736	-0.0781605	0.052409	-0.0233855
385	0.2079	-0.078329	0.0524087	-0.0234671
386	0.20844	-0.078497	0.0524084	-0.0235484
387	0.20898	-0.0786648	0.0524081	-0.0236295
388	0.20952	-0.0788326	0.0524078	-0.0237104
389	0.21006	-0.0790005	0.0524075	-0.023791
390	0.2106	-0.0791686	0.0524072	-0.0238714
391	0.21114	-0.0793371	0.0524069	-0.0239515
392	0.21168	-0.0795061	0.0524065	-0.0240313
393	0.21222	-0.0796753	0.0524062	-0.0241109
394	0.21276	-0.0798449	0.0524059	-0.0241902
395	0.2133	-0.0800148	0.0524057	-0.0242693
396	0.21384	-0.0801847	0.0524054	-0.0243481
397	0.21438	-0.0803546	0.0524051	-0.0244267
398	0.21492	-0.0805243	0.0524048	-0.0245051
399	0.21546	-0.0806935	0.0524045	-0.0245832
400	0.216	-0.0808622	0.0524042	-0.0246612
401	0.21654	-0.0810302	0.0524039	-0.0247389
402	0.21708	-0.0811977	0.0524036	-0.0248164
403	0.21762	-0.0813646	0.0524033	-0.0248937
404	0.21816	-0.081531	0.0524031	-0.0249708
405	0.2187	-0.0816968	0.0524028	-0.0250477
406	0.21924	-0.0818622	0.0524025	-0.0251243
407	0.21978	-0.0820274	0.0524022	-0.0252008
408	0.22032	-0.0821924	0.052402	-0.025277
409	0.22086	-0.0823575	0.0524017	-0.0253529
410	0.2214	-0.0825226	0.0524014	-0.0254287
411	0.22194	-0.0826879	0.0524012	-0.0255042
412	0.22248	-0.0828535	0.0524009	-0.0255795
413	0.22302	-0.0830192	0.0524006	-0.0256545
414	0.22356	-0.083185	0.0524004	-0.0257293
415	0.2241	-0.0833509	0.0524001	-0.0258039
416	0.22464	-0.0835168	0.0523999	-0.0258782
417	0.22518	-0.0836827	0.0523996	-0.0259523
418	0.22572	-0.0838482	0.0523993	-0.0260262
419	0.22626	-0.0840135	0.0523991	-0.0260999
420	0.2268	-0.0841783	0.0523988	-0.0261733
421	0.22734	-0.0843427	0.0523986	-0.0262466
422	0.22788	-0.0845067	0.0523983	-0.0263197
423	0.22842	-0.0846703	0.0523981	-0.0263925
424	0.22896	-0.0848334	0.0523978	-0.0264651
425	0.2295	-0.0849961	0.0523976	-0.0265376
426	0.23004	-0.0851584	0.0523974	-0.0266098
427	0.23058	-0.0853205	0.0523971	-0.0266818
428	0.23112	-0.0854825	0.0523969	-0.0267536
429	0.23166	-0.0856444	0.0523966	-0.0268252
430	0.2322	-0.0858063	0.0523964	-0.0268965
431	0.23274	-0.0859684	0.0523962	-0.0269676
432	0.23328	-0.0861305	0.0523959	-0.0270385
433	0.23382	-0.0862928	0.0523957	-0.0271092
434	0.23436	-0.0864552	0.0523955	-0.0271797
435	0.2349	-0.0866175	0.0523952	-0.0272499
436	0.23544	-0.0867797	0.052395	-0.0273199
437	0.23598	-0.0869417	0.0523948	-0.0273897
438	0.23652	-0.0871035	0.0523946	-0.0274593
439	0.23706	-0.087265	0.0523943	-0.0275287
440	0.2376	-0.0874262	0.0523941	-0.0275979
441	0.23814	-0.087587	0.0523939	-0.0276669
442	0.23868	-0.0877474	0.0523937	-0.0277357
443	0.23922	-0.0879074	0.0523935	-0.0278043
444	0.23976	-0.0880671	0.0523932	-0.0278727
445	0.2403	-0.0882266	0.052393	-0.0279409
446	0.24084	-0.0883859	0.0523928	-0.0280089
447	0.24138	-0.0885451	0.0523926	-0.0280767
448	0.24192	-0.0887043	0.0523924	-0.0281443
449	0.24246	-0.0888634	0.0523922	-0.0282116
450	0.243	-0.0890225	0.052392	-0.0282788
451	0.24354	-0.0891816	0.0523918	-0.0283457
452	0.24408	-0.0893408	0.0523916	-0.0284125
453	0.24462	-0.0894999	0.0523914	-0.028479
454	0.24516	-0.0896588	0.0523912	-0.0285453
455	0.2457	-0.0898177	0.052391	-0.0286115
456	0.24624	-0.0899763	0.0523908	-0.0286774
457	0.24678	-0.0901347	0.0523906	-0.0287431
458	0.24732	-0.0902928	0.0523904	-0.0288087
459	0.24786	-0.0904505	0.0523902	-0.0288741
460	0.2484	-0.0906078	0.05239	-0.0289392
461	0.24894	-0.0907649	0.0523898	-0.0290042
462	0.24948	-0.0909217	0.0523896	-0.029069
463	0.25002	-0.0910784	0.0523894	-0.0291336
464	0.25056	-0.0912348	0.0523892	-0.029198
465	0.2511	-0.091391	0.052389	-0.0292622
466	0.25164	-0.0915472	0.0523888	-0.0293263
467	0.25218	-0.0917033	0.0523886	-0.0293901
468	0.25272	-0.0918593	0.0523885	-0.0294537
469	0.25326	-0.0920154	0.0523883	-0.0295172
470	0.2538	-0.0921716	0.0523881	-0.0295804
471	0.25434	-0.0923277	0.0523879	-0.0296434
472	0.25488	-0.0924838	0.0523877	-0.0297063
473	0.25542	-0.0926397	0.0523875	-0.0297689
474	0.25596	-0.0927955	0.0523874	-0.0298314
475	0.2565	-0.0929511	0.0523872	-0.0298937
476	0.25704	-0.0931064	0.052387	-0.0299558
477	0.25758	-0.0932615	0.0523868	-0.0300177
478	0.25812	-0.0934164	0.0523867	-0.0300795
479	0.25866	-0.0935708	0.0523865	-0.0301411
480	0.2592	-0.0937248	0.0523863	-0.0302025
481	0.25974	-0.0938786	0.0523862	-0.0302637
482	0.26028	-0.0940321	0.052386	-0.0303247
483	0.26082	-0.0941853	0.0523858	-0.0303856
484	0.26136	-0.0943383	0.0523857	-0.0304463
485	0.2619	-0.0944913	0.0523855	-0.0305068
486	0.26244	-0.0946442	0.0523853	-0.0305671
487	0.26298	-0.0947972	0.0523852	-0.0306272
488	0.26352	-0.0949503	0.052385	-0.0306872
489	0.26406	-0.0951033	0.0523848	-0.0307469
490	0.2646	-0.0952563	0.0523847	-0.0308065
491	0.26514	-0.0954093	0.0523845	-0.0308659
492	0.26568	-0.0955624	0.0523844	-0.0309251
493	0.26622	-0.0957154	0.0523842	-0.0309842
494	0.26676	-0.0958683	0.052384	-0.031043
495	0.2673	-0.0960209	0.0523839	-0.0311017
496	0.26784	-0.0961731	0.0523837	-0.0311602
497	0.26838	-0.0963251	0.0523836	-0.0312186
498	0.26892	-0.0964765	0.0523834	-0.0312768
499	0.26946	-0.0966276	0.0523833	-0.0313348
500	0.27	-0.0967782	0.0523831	-0.0313927
501	0.27054	-0.0969287	0.052383	-0.0314503
502	0.27108	-0.0970789	0.0523828	-0.0315079
503	0.27162	-0.0972289	0.0523827	-0.0315652
504	0.27216	-0.0973787	0.0523825	-0.0316224
505	0.2727	-0.0975282	0.0523824	-0.0316794
506	0.27324	-0.0976774	0.0523822	-0.0317363
507	0.27378	-0.0978261	0.0523821	-0.031793
508	0.27432	-0.0979743	0.052382	-0.0318496
509	0.27486	-0.0981218	0.0523818	-0.0319059
510	0.2754	-0.0982688	0.0523817	-0.0319622
511	0.27594	-0.098415	0.0523815	-0.0320183
512	0.27648	-0.0985605	0.0523814	-0.0320742
513	0.27702	-0.0987053	0.0523813	-0.03213
514	0.27756	-0.0988495	0.0523811	-0.0321857
515	0.2781	-0.0989929	0.052381	-0.0322412
516	0.27864	-0.0991357	0.0523808	-0.0322965
517	0.27918	-0.099278	0.0523807	-0.0323517
518	0.27972	-0.0994197	0.0523806	-0.0324067
519	0.28026	-0.0995611	0.0523804	-0.0324616
520	0.2808	-0.0997022	0.0523803	-0.0325163
521	0.28134	-0.0998429	0.0523802	-0.0325708
522	0.28188	-0.0999835	0.05238	-0.0326252
523	0.28242	-0.100124	0.0523799	-0.0326794
524	0.28296	-0.100264	0.0523798	-0.0327334
525	0.2835	-0.100404	0.0523797	-0.0327872
526	0.28404	-0.100544	0.0523795	-0.0328409
527	0.28458	-0.100684	0.0523794	-0.0328944
528	0.28512	-0.100824	0.0523793	-0.0329477
529	0.28566	-0.100964	0.0523792	-0.0330008
530	0.2862	-0.101104	0.052379	-0.0330537
531	0.28674	-0.101244	0.0523789	-0.0331065
532	0.28728	-0.101384	0.0523788	-0.0331591
533	0.28782	-0.101524	0.0523787	-0.0332116
534	0.28836	-0.101663	0.0523785	-0.0332638
535	0.2889	-0.101803	0.0523784	-0.0333159
536	0.28944	-0.101942	0.0523783	-0.0333679
537	0.28998	-0.102081	0.0523782	-0.0334196
538	0.29052	-0.10222	0.0523781	-0.0334713
539	0.29106	-0.102358	0.052378	-0.0335227
540	0.2916	-0.102496	0.0523778	-0.033574
541	0.29214	-0.102634	0.0523777	-0.0336252
542	0.29268	-0.102771	0.0523776	-0.0336762
543	0.29322	-0.102908	0.0523775	-0.0337271
544	0.29376	-0.103044	0.0523774	-0.0337778
545	0.2943	-0.103179	0.0523773	-0.0338284
546	0.29484	-0.103315	0.0523772	-0.0338788
547	0.29538	-0.103449	0.052377	-0.0339291
548	0.29592	-0.103584	0.0523769	-0.0339793
549	0.29646	-0.103718	0.0523768	-0.0340293
550	0.297	-0.103851	0.0523767	-0.0340791
551	0.29754	-0.103984	0.0523766	-0.0341288
552	0.29808	-0.104117	0.0523765	-0.0341784
553	0.29862	-0.10425	0.0523764	-0.0342278
554	0.29916	-0.104383	0.0523763	-0.0342771
555	0.2997	-0.104515	0.0523762	-0.0343262
556	0.30024	-0.104647	0.0523761	-0.0343751
557	0.30078	-0.104779	0.052376	-0.034424
558	0.30132	-0.104911	0.0523759	-0.0344726
559	0.30186	-0.105043	0.0523758	-0.0345211
560	0.3024	-0.105175	0.0523757	-0.0345695
561	0.30294	-0.105306	0.0523756	-0.0346177
562	0.30348	-0.105438	0.0523755	-0.0346658
563	0.30402	-0.105569	0.0523754	-0.0347137
564	0.30456	-0.105701	0.0523753	-0.0347614
565	0.3051	-0.105832	0.0523752	-0.034809
566	0.30564	-0.105964	0.0523751	-0.0348565
567	0.30618	-0.106095	0.052375	-0.0349039
568	0.30672	-0.106226	0.0523749	-0.034951
569	0.30726	-0.106356	0.0523748	-0.0349981
570	0.3078	-0.106487	0.0523747	-0.035045
571	0.30834	-0.106617	0.0523746	-0.0350918
572	0.30888	-0.106746	0.0523745	-0.0351385
573	0.30942	-0.106876	0.0523744	-0.035185
574	0.30996	-0.107005	0.0523743	-0.0352314
575	0.3105	-0.107134	0.0523742	-0.0352776
576	0.31104	-0.107262	0.0523741	-0.0353238
577	0.31158	-0.10739	0.052374	-0.0353698
578	0.31212	-0.107517	0.0523739	-0.0354156
579	0.31266	-0.107644	0.0523738	-0.0354614
580	0.3132	-0.107771	0.0523738	-0.035507
581	0.31374	-0.107897	0.0523737	-0.0355525
582	0.31428	-0.108023	0.0523736	-0.0355979
583	0.31482	-0.108149	0.0523735	-0.0356431
584	0.31536	-0.108275	0.0523734	-0.0356882
585	0.3159	-0.1084	0.0523733	-0.0357332
586	0.31644	-0.108525	0.0523732	-0.035778
587	0.31698	-0.10865	0.0523731	-0.0358227
588	0.31752	-0.108775	0.0523731	-0.0358673
589	0.31806	-0.108899	0.052373	-0.0359117
590	0.3186	-0.109024	0.0523729	-0.035956
591	0.31914	-0.109148	0.0523728	-0.0360001
592	0.31968	-0.109273	0.0523727	-0.0360442
593	0.32022	-0.109397	0.0523726	-0.036088
594	0.32076	-0.109521	0.0523726	-0.0361318
595	0.3213	-0.109645	0.0523725	-0.0361754
596	0.32184	-0.109769	0.0523724	-0.0362189
597	0.32238	-0.109893	0.0523723	-0.0362622
598	0.32292	-0.110016	0.0523722	-0.0363054
599	0.32346	-0.11014	0.0523722	-0.0363485
600	0.324	-0.110263	0.0523721	-0.0363915
601	0.32454	-0.110386	0.052372	-0.0364343
602	0.32508	-0.110508	0.0523719	-0.036477
603	0.32562	-0.110631	0.0523718	-0.0365196
604	0.32616	-0.110753	0.0523718	-0.036562
605	0.3267	-0.110875	0.0523717	-0.0366043
606	0.32724	-0.110997	0.0523716	-0.0366464
607	0.32778	-0.111119	0.0523715	-0.0366883
608	0.32832	-0.11124	0.0523715	-0.0367301
609	0.32886	-0.111362	0.0523714	-0.0367717
610	0.3294	-0.111483	0.0523713	-0.0368131
611	0.32994	-0.111605	0.0523712	-0.0368544
612	0.33048	-0.111726	0.0523712	-0.0368955
613	0.33102	-0.111847	0.0523711	-0.0369363
614	0.33156	-0.111968	0.052371	-0.036977
615	0.3321	-0.112089	0.052371	-0.0370175
616	0.33264	-0.112209	0.0523709	-0.0370578
617	0.33318	-0.11233	0.0523708	-0.0370979
618	0.33372	-0.11245	0.0523707	-0.0371378
619	0.33426	-0.11257	0.0523707	-0.0371775
620	0.3348	-0.11269	0.0523706	-0.037217
621	0.33534	-0.11281	0.0523705	-0.0372562
622	0.33588	-0.112929	0.0523705	-0.0372953
623	0.33642	-0.113049	0.0523704	-0.0373341
624	0.33696	-0.113167	0.0523703	-0.0373728
625	0.3375	-0.113286	0.0523703	-0.0374112
626	0.33804	-0.113404	0.0523702	-0.0374494
627	0.33858	-0.113522	0.0523701	-0.0374874
628	0.33912	-0.113639	0.0523701	-0.0375251
629	0.33966	-0.113756	0.05237	-0.0375627
630	0.3402	-0.113872	0.0523699	-0.0376
631	0.34074	-0.113989	0.0523699	-0.0376371
632	0.34128	-0.114105	0.0523698	-0.037674
633	0.34182	-0.11422	0.0523697	-0.0377107
634	0.34236	-0.114336	0.0523697	-0.0377471
635	0.3429	-0.114451	0.0523696	-0.0377833
636	0.34344	-0.114566	0.0523695	-0.0378193
637	0.34398	-0.114681	0.0523695	-0.0378551
638	0.34452	-0.114795	0.0523694	-0.0378906
639	0.34506	-0.11491	0.0523694	-0.0379259
640	0.3456	-0.115024	0.0523693	-0.037961
641	0.34614	-0.115138	0.0523692	-0.0379958
642	0.34668	-0.115252	0.0523692	-0.0380304
643	0.34722	-0.115366	0.0523691	-0.0380648
644	0.34776	-0.115479	0.0523691	-0.038099
645	0.3483	-0.115593	0.052369	-0.038133
646	0.34884	-0.115706	0.0523689	-0.0381667
647	0.34938	-0.115819	0.0523689	-0.0382002
648	0.34992	-0.115932	0.0523688	-0.0382335
649	0.35046	-0.116045	0.0523688	-0.0382666
650	0.351	-0.116157	0.0523687	-0.0382995
651	0.35154	-0.116269	0.0523687	-0.0383322
652	0.35208	-0.116381	0.0523686	-0.0383646
653	0.35262	-0.116493	0.0523685	-0.0383969
654	0.35316	-0.116604	0.0523685	-0.038429
655	0.3537	-0.116715	0.0523684	-0.0384608
656	0.35424	-0.116826	0.0523684	-0.0384925
657	0.35478	-0.116937	0.0523683	-0.038524
658	0.35532	-0.117047	0.0523683	-0.0385553
659	0.35586	-0.117157	0.0523682	-0.0385864
660	0.3564	-0.117267	0.0523682	-0.0386173
661	0.35694	-0.117377	0.0523681	-0.038648
662	0.35748	-0.117486	0.0523681	-0.0386785
663	0.35802	-0.117595	0.052368	-0.0387089
664	0.35856	-0.117704	0.052368	-0.0387391
665	0.3591	-0.117812	0.0523679	-0.0387691
666	0.35964	-0.117921	0.0523678	-0.0387989
667	0.36018	-0.118029	0.0523678	-0.0388286
668	0.36072	-0.118137	0.0523677	-0.038858
669	0.36126	-0.118245	0.0523677	-0.0388873
670	0.3618	-0.118353	0.0523676	-0.0389165
671	0.36234	-0.118461	0.0523676	-0.0389454
672	0.36288	-0.118568	0.0523675	-0.0389743
673	0.36342	-0.118675	0.0523675	-0.0390029
674	0.36396	-0.118782	0.0523674	-0.0390314
675	0.3645	-0.118889	0.0523674	-0.0390597
676	0.36504	-0.118996	0.0523674	-0.0390879
677	0.36558	-0.119103	0.0523673	-0.0391159
678	0.36612	-0.119209	0.0523673	-0.0391438
679	0.36666	-0.119315	0.0523672	-0.0391715
680	0.3672	-0.119421	0.0523672	-0.0391991
681	0.36774	-0.119527	0.0523671	-0.0392265
682	0.36828	-0.119633	0.0523671	-0.0392538
683	0.36882	-0.119738	0.052367	-0.039281
684	0.36936	-0.119843	0.052367	-0.039308
685	0.3699	-0.119948	0.0523669	-0.0393349
686	0.37044	-0.120053	0.0523669	-0.0393616
687	0.37098	-0.120157	0.0523668	-0.0393882
688	0.37152	-0.120262	0.0523668	-0.0394147
689	0.37206	-0.120366	0.0523668	-0.039441
690	0.3726	-0.12047	0.0523667	-0.0394672
691	0.37314	-0.120573	0.0523667	-0.0394933
692	0.37368	-0.120677	0.0523666	-0.0395193
693	0.37422	-0.12078	0.0523666	-0.0395451
694	0.37476	-0.120883	0.0523665	-0.0395708
695	0.3753	-0.120986	0.0523665	-0.0395964
696	0.37584	-0.121089	0.0523665	-0.0396218
697	0.37638	-0.121191	0.0523664	-0.0396471
698	0.37692	-0.121294	0.0523664	-0.0396723
699	0.37746	-0.121396	0.0523663	-0.0396974
700	0.378	-0.121498	0.0523663	-0.0397224
701	0.37854	-0.1216	0.0523662	-0.0397472
702	0.37908	-0.121702	0.0523662	-0.039772
703	0.37962	-0.121804	0.0523662	-0.0397966
704	0.38016	-0.121905	0.0523661	-0.039821
705	0.3807	-0.122007	0.0523661	-0.0398454
706	0.38124	-0.122108	0.052366	-0.0398697
707	0.38178	-0.122209	0.052366	-0.0398938
708	0.38232	-0.12231	0.052366	-0.0399178
709	0.38286	-0.122411	0.0523659	-0.0399417
710	0.3834	-0.122511	0.0523659	-0.0399655
711	0.38394	-0.122612	0.0523658	-0.0399892
712	0.38448	-0.122712	0.0523658	-0.0400128
713	0.38502	-0.122812	0.0523658	-0.0400362
714	0.38556	-0.122912	0.0523657	-0.0400596
715	0.3861	-0.123011	0.0523657	-0.0400828
716	0.38664	-0.123111	0.0523657	-0.040106
717	0.38718	-0.12321	0.0523656	-0.040129
718	0.38772	-0.123309	0.0523656	-0.0401519
719	0.38826	-0.123408	0.0523655	-0.0401747
720	0.3888	-0.123506	0.0523655	-0.0401974
721	0.38934	-0.123604	0.0523655	-0.04022
722	0.38988	-0.123703	0.0523654	-0.0402425
723	0.39042	-0.123801	0.0523654	-0.0402649
724	0.39096	-0.123898	0.0523654	-0.0402872
725	0.3915	-0.123996	0.0523653	-0.0403094
726	0.39204	-0.124094	0.0523653	-0.0403314
727	0.39258	-0.124191	0.0523653	-0.0403534
728	0.39312	-0.124289	0.0523652	-0.0403752
729	0.39366	-0.124386	0.0523652	-0.040397
730	0.3942	-0.124483	0.0523652	-0.0404186
731	0.39474	-0.12458	0.0523651	-0.0404402
732	0.39528	-0.124677	0.0523651	-0.0404616
733	0.39582	-0.124773	0.0523651	-0.0404829
734	0.39636	-0.124869	0.052365	-0.0405041
735	0.3969	-0.124966	0.052365	-0.0405253
736	0.39744	-0.125062	0.052365	-0.0405463
737	0.39798	-0.125158	0.0523649	-0.0405672
738	0.39852	-0.125253	0.0523649	-0.040588
739	0.39906	-0.125349	0.0523649	-0.0406087
740	0.3996	-0.125444	0.0523648	-0.0406293
741	0.40014	-0.125539	0.0523648	-0.0406498
742	0.40068	-0.125634	0.0523648	-0.0406702
743	0.40122	-0.125729	0.0523647	-0.0406905
744	0.40176	-0.125824	0.0523647	-0.0407107
745	0.4023	-0.125918	0.0523647	-0.0407309
746	0.40284	-0.126012	0.0523646	-0.0407509
747	0.40338	-0.126106	0.0523646	-0.0407708
748	0.40392	-0.1262	0.0523646	-0.0407906
749	0.40446	-0.126294	0.0523646	-0.0408103
750	0.405	-0.126387	0.0523645	-0.0408299
751	0.40554	-0.12648	0.0523645	-0.0408494
752	0.40608	-0.126573	0.0523645	-0.0408688
753	0.40662	-0.126666	0.0523644	-0.0408882
754	0.40716	-0.126759	0.0523644	-0.0409074
755	0.4077	-0.126852	0.0523644	-0.0409265
756	0.40824	-0.126945	0.0523643	-0.0409455
757	0.40878	-0.127037	0.0523643	-0.0409645
758	0.40932	-0.127129	0.0523643	-0.0409833
759	0.40986	-0.127222	0.0523643	-0.041002
760	0.4104	-0.127314	0.0523642	-0.0410207
761	0.41094	-0.127405	0.0523642	-0.0410392
762	0.41148	-0.127497	0.0523642	-0.0410577
763	0.41202	-0.127589	0.0523641	-0.041076
764	0.41256	-0.12768	0.0523641	-0.0410943
765	0.4131	-0.127771	0.0523641	-0.0411124
766	0.41364	-0.127862	0.0523641	-0.0411305
767	0.41418	-0.127953	0.052364	-0.0411485
768	0.41472	-0.128044	0.052364	-0.0411664
769	0.41526	-0.128134	0.052364	-0.0411842
770	0.4158	-0.128224	0.052364	-0.0412019
771	0.41634	-0.128314	0.0523639	-0.0412196
772	0.41688	-0.128404	0.0523639	-0.0412371
773	0.41742	-0.128494	0.0523639	-0.0412545
774	0.41796	-0.128583	0.0523639	-0.0412719
775	0.4185	-0.128673	0.0523638	-0.0412892
776	0.41904	-0.128762	0.0523638	-0.0413064
777	0.41958	-0.128851	0.0523638	-0.0413234
778	0.42012	-0.12894	0.0523638	-0.0413405
779	0.42066	-0.129029	0.0523637	-0.0413574
780	0.4212	-0.129118	0.0523637	-0.0413742
781	0.42174	-0.129206	0.0523637	-0.0413909
782	0.42228	-0.129295	0.0523637	-0.0414076
783	0.42282	-0.129383	0.0523636	-0.0414241
784	0.42336	-0.129471	0.0523636	-0.0414406
785	0.4239	-0.129559	0.0523636	-0.041457
786	0.42444	-0.129647	0.0523636	-0.0414734
787	0.42498	-0.129735	0.0523635	-0.0414896
788	0.42552	-0.129822	0.0523635	-0.0415057
789	0.42606	-0.12991	0.0523635	-0.0415218
790	0.4266	-0.129997	0.0523635	-0.0415378
791	0.42714	-0.130083	0.0523634	-0.0415537
792	0.42768	-0.13017	0.0523634	-0.0415696
793	0.42822	-0.130257	0.0523634	-0.0415853
794	0.42876	-0.130343	0.0523634	-0.041601
795	0.4293	-0.130429	0.0523634	-0.0416166
796	0.42984	-0.130516	0.0523633	-0.0416321
797	0.43038	-0.130602	0.0523633	-0.0416475
798	0.43092	-0.130688	0.0523633	-0.0416629
799	0.43146	-0.130773	0.0523633	-0.0416781
800	0.432	-0.130859	0.0523632	-0.0416933
801	0.43254	-0.130945	0.0523632	-0.0417085
802	0.43308	-0.13103	0.0523632	-0.0417235
803	0.43362	-0.131115	0.0523632	-0.0417385
804	0.43416	-0.1312	0.0523632	-0.0417533
805	0.4347	-0.131285	0.0523631	-0.0417682
806	0.43524	-0.13137	0.0523631	-0.0417829
807	0.43578	-0.131455	0.0523631	-0.0417976
808	0.43632	-0.131539	0.0523631	-0.0418121
809	0.43686	-0.131623	0.0523631	-0.0418267
810	0.4374	-0.131708	0.052363	-0.0418411
811	0.43794	-0.131792	0.052363	-0.0418555
812	0.43848	-0.131875	0.052363	-0.0418698
813	0.43902	-0.131959	0.052363	-0.041884
814	0.43956	-0.132042	0.052363	-0.0418982
815	0.4401	-0.132126	0.0523629	-0.0419123
816	0.44064	-0.132209	0.0523629	-0.0419263
817	0.44118	-0.132292	0.0523629	-0.0419402
818	0.44172	-0.132375	0.0523629	-0.0419541
819	0.44226	-0.132457	0.0523629	-0.0419679
820	0.4428	-0.13254	0.0523628	-0.0419817
821	0.44334	-0.132622	0.0523628	-0.0419953
822	0.44388	-0.132705	0.0523628	-0.0420089
823	0.44442	-0.132787	0.0523628	-0.0420224
824	0.44496	-0.132869	0.0523628	-0.0420359
825	0.4455	-0.132951	0.0523627	-0.0420493
826	0.44604	-0.133033	0.0523627	-0.0420626
827	0.44658	-0.133115	0.0523627	-0.0420759
828	0.44712	-0.133196	0.0523627	-0.042089
829	0.44766	-0.133278	0.0523627	-0.0421022
830	0.4482	-0.133359	0.0523627	-0.0421152
831	0.44874	-0.133441	0.0523626	-0.0421282
832	0.44928	-0.133522	0.0523626	-0.0421411
833	0.44982	-0.133603	0.0523626	-0.042154
834	0.45036	-0.133684	0.0523626	-0.0421667
835	0.4509	-0.133764	0.0523626	-0.0421795
836	0.45144	-0.133845	0.0523626	-0.0421921
837	0.45198	-0.133925	0.0523625	-0.0422047
838	0.45252	-0.134005	0.0523625	-0.0422173
839	0.45306	-0.134085	0.0523625	-0.0422298
840	0.4536	-0.134165	0.0523625	-0.0422422
841	0.45414	-0.134244	0.0523625	-0.0422545
842	0.45468	-0.134324	0.0523624	-0.0422668
843	0.45522	-0.134403	0.0523624	-0.0422791
844	0.45576	-0.134482	0.0523624	-0.0422913
845	0.4563	-0.134561	0.0523624	-0.0423034
846	0.45684	-0.13464	0.0523624	-0.0423154
847	0.45738	-0.134718	0.0523624	-0.0423274
848	0.45792	-0.134797	0.0523624	-0.0423394
849	0.45846	-0.134875	0.0523623	-0.0423512
850	0.459	-0.134954	0.0523623	-0.042363
851	0.45954	-0.135032	0.0523623	-0.0423748
852	0.46008	-0.13511	0.0523623	-0.0423865
853	0.46062	-0.135188	0.0523623	-0.0423981
854	0.46116	-0.135266	0.0523623	-0.0424097
855	0.4617	-0.135344	0.0523622	-0.0424212
856	0.46224	-0.135422	0.0523622	-0.0424326
857	0.46278	-0.135499	0.0523622	-0.042444
858	0.46332	-0.135577	0.0523622	-0.0424553
859	0.46386	-0.135654	0.0523622	-0.0424666
860	0.4644	-0.135732	0.0523622	-0.0424778
861	0.46494	-0.135809	0.0523622	-0.042489
862	0.46548	-0.135886	0.0523621	-0.0425001
863	0.46602	-0.135963	0.0523621	-0.0425111
864	0.46656	-0.13604	0.0523621	-0.0425221
865	0.4671	-0.136116	0.0523621	-0.042533
866	0.46764	-0.136193	0.0523621	-0.0425439
867	0.46818	-0.136269	0.0523621	-0.0425548
868	0.46872	-0.136345	0.0523621	-0.0425655
869	0.46926	-0.136421	0.052362	-0.0425762
870	0.4698	-0.136497	0.052362	-0.0425869
871	0.47034	-0.136572	0.052362	-0.0425976
872	0.47088	-0.136647	0.052362	-0.0426081
873	0.47142	-0.136723	0.052362	-0.0426186
874	0.47196	-0.136798	0.052362	-0.0426291
875	0.4725	-0.136872	0.052362	-0.0426395
876	0.47304	-0.136947	0.052362	-0.0426499
877	0.47358	-0.137022	0.0523619	-0.0426602
878	0.47412	-0.137096	0.0523619	-0.0426705
879	0.47466	-0.137171	0.0523619	-0.0426807
880	0.4752	-0.137245	0.0523619	-0.0426908
881	0.47574	-0.13732	0.0523619	-0.0427009
882	0.47628	-0.137394	0.0523619	-0.0427109
883	0.47682	-0.137468	0.0523619	-0.0427209
884	0.47736	-0.137542	0.0523618	-0.0427309
885	0.4779	-0.137616	0.0523618	-0.0427408
886	0.47844	-0.13769	0.0523618	-0.0427506
887	0.47898	-0.137764	0.0523618	-0.0427604
888	0.47952	-0.137837	0.0523618	-0.0427701
889	0.48006	-0.137911	0.0523618	-0.0427798
890	0.4806	-0.137984	0.0523618	-0.0427894
891	0.48114	-0.138058	0.0523618	-0.042799
892	0.48168	-0.138131	0.0523617	-0.0428085
893	0.48222	-0.138204	0.0523617	-0.042818
894	0.48276	-0.138276	0.0523617	-0.0428275
895	0.4833	-0.138349	0.0523617	-0.0428369
896	0.48384	-0.138421	0.0523617	-0.0428462
897	0.48438	-0.138494	0.0523617	-0.0428555
898	0.48492	-0.138566	0.0523617	-0.0428648
899	0.48546	-0.138638	0.0523617	-0.042874
900	0.486	-0.13871	0.0523617	-0.0428832
901	0.48654	-0.138782	0.0523616	-0.0428923
902	0.48708	-0.138853	0.0523616	-0.0429014
903	0.48762	-0.138924	0.0523616	-0.0429104
904	0.48816	-0.138996	0.0523616	-0.0429194
905	0.4887	-0.139067	0.0523616	-0.0429283
906	0.48924	-0.139138	0.0523616	-0.0429372
907	0.48978	-0.139209	0.0523616	-0.0429461
908	0.49032	-0.13928	0.0523616	-0.0429549
909	0.49086	-0.13935	0.0523616	-0.0429636
910	0.4914	-0.139421	0.0523615	-0.0429723
911	0.49194	-0.139492	0.0523615	-0.042981
912	0.49248	-0.139562	0.0523615	-0.0429896
913	0.49302	-0.139633	0.0523615	-0.0429982
914	0.49356	-0.139703	0.0523615	-0.0430067
915	0.4941	-0.139773	0.0523615	-0.0430152
916	0.49464	-0.139843	0.0523615	-0.0430237
917	0.49518	-0.139913	0.0523615	-0.0430321
918	0.49572	-0.139983	0.0523615	-0.0430404
919	0.49626	-0.140053	0.0523615	-0.0430487
920	0.4968	-0.140123	0.0523614	-0.043057
921	0.49734	-0.140193	0.0523614	-0.0430652
922	0.49788	-0.140262	0.0523614	-0.0430734
923	0.49842	-0.140331	0.0523614	-0.0430815
924	0.49896	-0.140401	0.0523614	-0.0430896
925	0.4995	-0.14047	0.0523614	-0.0430977
926	0.50004	-0.140539	0.0523614	-0.0431057
927	0.50058	-0.140607	0.0523614	-0.0431137
928	0.50112	-0.140676	0.0523614	-0.0431216
929	0.50166	-0.140745	0.0523614	-0.0431295
930	0.5022	-0.140813	0.0523613	-0.0431374
931	0.50274	-0.140881	0.0523613	-0.0431452
932	0.50328	-0.140949	0.0523613	-0.043153
933	0.50382	-0.141017	0.0523613	-0.0431607
934	0.50436	-0.141085	0.0523613	-0.0431684
935	0.5049	-0.141153	0.0523613	-0.0431761
936	0.50544	-0.14122	0.0523613	-0.0431837
937	0.50598	-0.141287	0.0523613	-0.0431913
938	0.50652	-0.141355	0.0523613	-0.0431989
939	0.50706	-0.141422	0.0523613	-0.0432064
940	0.5076	-0.141489	0.0523613	-0.0432139
941	0.50814	-0.141556	0.0523612	-0.0432213
942	0.50868	-0.141623	0.0523612	-0.0432287
943	0.50922	-0.141689	0.0523612	-0.0432361
944	0.50976	-0.141756	0.0523612	-0.0432434
945	0.5103	-0.141823	0.0523612	-0.0432507
946	0.51084	-0.141889	0.0523612	-0.0432579
947	0.51138	-0.141955	0.0523612	-0.0432651
948	0.51192	-0.142022	0.0523612	-0.0432723
949	0.51246	-0.142088	0.0523612	-0.0432794
950	0.513	-0.142154	0.0523612	-0.0432865
951	0.51354	-0.14222	0.0523612	-0.0432935
952	0.51408	-0.142286	0.0523612	-0.0433006
953	0.51462	-0.142352	0.0523611	-0.0433075
954	0.51516	-0.142418	0.0523611	-0.0433145
955	0.5157	-0.142484	0.0523611	-0.0433214
956	0.51624	-0.142549	0.0523611	-0.0433283
957	0.51678	-0.142614	0.0523611	-0.0433351
958	0.51732	-0.14268	0.0523611	-0.0433419
959	0.51786	-0.142745	0.0523611	-0.0433487
960	0.5184	-0.14281	0.0523611	-0.0433554
961	0.51894	-0.142875	0.0523611	-0.0433621
962	0.51948	-0.142939	0.0523611	-0.0433688
963	0.52002	-0.143004	0.0523611	-0.0433754
964	0.52056	-0.143068	0.0523611	-0.0433821
965	0.5211	-0.143132	0.0523611	-0.0433886
966	0.52164	-0.143196	0.052361	-0.0433952
967	0.52218	-0.14326	0.052361	-0.0434017
968	0.52272	-0.143324	0.052361	-0.0434082
969	0.52326	-0.143388	0.052361	-0.0434146
970	0.5238	-0.143451	0.052361	-0.043421
971	0.52434	-0.143515	0.052361	-0.0434274
972	0.52488	-0.143578	0.052361	-0.0434337
973	0.52542	-0.143642	0.052361	-0.0434401
974	0.52596	-0.143705	0.052361	-0.0434463
975	0.5265	-0.143768	0.052361	-0.0434526
976	0.52704	-0.143831	0.052361	-0.0434588
977	0.52758	-0.143894	0.052361	-0.043465
978	0.52812	-0.143957	0.052361	-0.0434711
979	0.52866	-0.14402	0.052361	-0.0434772
980	0.5292	-0.144083	0.0523609	-0.0434833
981	0.52974	-0.144146	0.0523609	-0.0434894
982	0.53028	-0.144209	0.0523609	-0.0434954
983	0.53082	-0.144271	0.0523609	-0.0435014
984	0.53136	-0.144333	0.0523609	-0.0435073
985	0.5319	-0.144396	0.0523609	-0.0435132
986	0.53244	-0.144458	0.0523609	-0.0435191
987	0.53298	-0.14452	0.0523609	-0.043525
988	0.53352	-0.144582	0.0523609	-0.0435308
989	0.53406	-0.144644	0.0523609	-0.0435366
990	0.5346	-0.144706	0.0523609	-0.0435424
991	0.53514	-0.144767	0.0523609	-0.0435481
992	0.53568	-0.144829	0.0523609	-0.0435539
993	0.53622	-0.14489	0.0523609	-0.0435595
994	0.53676	-0.144951	0.0523609	-0.0435652
995	0.5373	-0.145012	0.0523609	-0.0435708
996	0.53784	-0.145073	0.0523608	-0.0435764
997	0.53838	-0.145134	0.0523608	-0.043582
998	0.53892	-0.145195	0.0523608	-0.0435876
999	0.53946	-0.145256	0.0523608	-0.0435931
1000	0.54	-0.145316	0.0523608	-0.0435986
1001	0.54054	-0.145377	0.0523608	-0.043604
1002	0.54108	-0.145437	0.0523608	-0.0436095
1003	0.54162	-0.145498	0.0523608	-0.0436149
1004	0.54216	-0.145558	0.0523608	-0.0436202
1005	0.5427	-0.145618	0.0523608	-0.0436256
1006	0.54324	-0.145678	0.0523608	-0.0436309
1007	0.54378	-0.145738	0.0523608	-0.0436362
1008	0.54432	-0.145798	0.0523608	-0.0436414
1009	0.54486	-0.145858	0.0523608	-0.0436467
1010	0.5454	-0.145918	0.0523608	-0.0436519
1011	0.54594	-0.145978	0.0523608	-0.043657
1012	0.54648	-0.146037	0.0523608	-0.0436622
1013	0.54702	-0.146096	0.0523607	-0.0436673
1014	0.54756	-0.146156	0.0523607	-0.0436724
1015	0.5481	-0.146215	0.0523607	-0.0436775
1016	0.54864	-0.146274	0.0523607	-0.0436826
1017	0.54918	-0.146333	0.0523607	-0.0436876
1018	0.54972	-0.146391	0.0523607	-0.0436926
1019	0.55026	-0.14645	0.0523607	-0.0436976
1020	0.5508	-0.146509	0.0523607	-0.0437025
1021	0.55134	-0.146567	0.0523607	-0.0437074
1022	0.55188	-0.146626	0.0523607	-0.0437123
1023	0.55242	-0.146684	0.0523607	-0.0437172
1024	0.55296	-0.146742	0.0523607	-0.0437221
1025	0.5535	-0.1468	0.0523607	-0.0437269
1026	0.55404	-0.146858	0.0523607	-0.0437317
1027	0.55458	-0.146916	0.0523607	-0.0437365
1028	0.55512	-0.146973	0.0523607	-0.0437412
1029	0.55566	-0.147031	0.0523607	-0.0437459
1030	0.5562	-0.147089	0.0523607	-0.0437506
1031	0.55674	-0.147147	0.0523607	-0.0437553
1032	0.55728	-0.147204	0.0523607	-0.0437599
1033	0.55782	-0.147262	0.0523606	-0.0437646
1034	0.55836	-0.147319	0.0523606	-0.0437691
1035	0.5589	-0.147376	0.0523606	-0.0437737
1036	0.55944	-0.147433	0.0523606	-0.0437783
1037	0.55998	-0.14749	0.0523606	-0.0437828
1038	0.56052	-0.147547	0.0523606	-0.0437873
1039	0.56106	-0.147604	0.0523606	-0.0437918
1040	0.5616	-0.147661	0.0523606	-0.0437962
1041	0.56214	-0.147718	0.0523606	-0.0438007
1042	0.56268	-0.147774	0.0523606	-0.0438051
1043	0.56322	-0.14783	0.0523606	-0.0438095
1044	0.56376	-0.147887	0.0523606	-0.0438138
1045	0.5643	-0.147943	0.0523606	-0.0438182
1046	0.56484	-0.147999	0.0523606	-0.0438225
1047	0.56538	-0.148055	0.0523606	-0.0438268
1048	0.56592	-0.14811	0.0523606	-0.0438311
1049	0.56646	-0.148166	0.0523606	-0.0438354
1050	0.567	-0.148222	0.0523606	-0.0438396
1051	0.56754	-0.148277	0.0523606	-0.0438438
1052	0.56808	-0.148333	0.0523606	-0.043848
1053	0.56862	-0.148388	0.0523606	-0.0438522
1054	0.56916	-0.148443	0.0523605	-0.0438563
1055	0.5697	-0.148499	0.0523605	-0.0438604
1056	0.57024	-0.148554	0.0523605	-0.0438645
1057	0.57078	-0.148609	0.0523605	-0.0438686
1058	0.57132	-0.148664	0.0523605	-0.0438726
1059	0.57186	-0.14872	0.0523605	-0.0438767
1060	0.5724	-0.148774	0.0523605	-0.0438807
1061	0.57294	-0.148829	0.0523605	-0.0438847
1062	0.57348	-0.148884	0.0523605	-0.0438886
1063	0.57402	-0.148939	0.0523605	-0.0438926
1064	0.57456	-0.148993	0.0523605	-0.0438965
1065	0.5751	-0.149048	0.0523605	-0.0439004
1066	0.57564	-0.149102	0.0523605	-0.0439043
1067	0.57618	-0.149156	0.0523605	-0.0439082
1068	0.57672	-0.14921	0.0523605	-0.0439121
1069	0.57726	-0.149264	0.0523605	-0.0439159
1070	0.5778	-0.149318	0.0523605	-0.0439197
1071	0.57834	-0.149371	0.0523605	-0.0439235
1072	0.57888	-0.149425	0.0523605	-0.0439273
1073	0.57942	-0.149478	0.0523605	-0.043931
1074	0.57996	-0.149532	0.0523605	-0.0439348
1075	0.5805	-0.149585	0.0523605	-0.0439385
1076	0.58104	-0.149638	0.0523605	-0.0439422
1077	0.58158	-0.149691	0.0523605	-0.0439459
1078	0.58212	-0.149745	0.0523605	-0.0439495
1079	0.58266	-0.149798	0.0523605	-0.0439532
1080	0.5832	-0.149851	0.0523604	-0.0439568
1081	0.58374	-0.149904	0.0523604	-0.0439604
1082	0.58428	-0.149957	0.0523604	-0.0439639
1083	0.58482	-0.150009	0.0523604	-0.0439675
1084	0.58536	-0.150062	0.0523604	-0.043971
1085	0.5859	-0.150115	0.0523604	-0.0439746
1086	0.58644	-0.150167	0.0523604	-0.0439781
1087	0.58698	-0.15022	0.0523604	-0.0439815
1088	0.58752	-0.150272	0.0523604	-0.043985
1089	0.58806	-0.150324	0.0523604	-0.0439885
1090	0.5886	-0.150376	0.0523604	-0.0439919
1091	0.58914	-0.150428	0.0523604	-0.0439953
1092	0.58968	-0.15048	0.0523604	-0.0439987
1093	0.59022	-0.150532	0.0523604	-0.0440021
1094	0.59076	-0.150584	0.0523604	-0.0440054
1095	0.5913	-0.150636	0.0523604	-0.0440088
1096	0.59184	-0.150687	0.0523604	-0.0440121
1097	0.59238	-0.150739	0.0523604	-0.0440154
1098	0.59292	-0.15079	0.0523604	-0.0440187
1099	0.59346	-0.150842	0.0523604	-0.044022
1100	0.594	-0.150893	0.0523604	-0.0440252
1101	0.59454	-0.150944	0.0523604	-0.0440285
1102	0.59508	-0.150995	0.0523604	-0.0440317
1103	0.59562	-0.151046	0.0523604	-0.0440349
1104	0.59616	-0.151097	0.0523604	-0.0440381
1105	0.5967	-0.151147	0.0523604	-0.0440413
1106	0.59724	-0.151198	0.0523604	-0.0440444
1107	0.59778	-0.151248	0.0523604	-0.0440476
1108	0.59832	-0.151299	0.0523604	-0.0440507
1109	0.59886	-0.151349	0.0523604	-0.0440538
1110	0.5994	-0.151399	0.0523604	-0.0440569
1111	0.59994	-0.15145	0.0523603	-0.04406
1112	0.60048	-0.1515	0.0523603	-0.044063
1113	0.60102	-0.15155	0.0523603	-0.0440661
1114	0.60156	-0.1516	0.0523603	-0.0440691
1115	0.6021	-0.15165	0.0523603	-0.0440721
1116	0.60264	-0.1517	0.0523603	-0.0440751
1117	0.60318	-0.15175	0.0523603	-0.044078
1118	0.60372	-0.1518	0.0523603	-0.044081
1119	0.60426	-0.15185	0.0523603	-0.0440839
1120	0.6048	-0.1519	0.0523603	-0.0440868
1121	0.60534	-0.15195	0.0523603	-0.0440897
1122	0.60588	-0.151999	0.0523603	-0.0440926
1123	0.60642	-0.152049	0.0523603	-0.0440955
1124	0.60696	-0.152098	0.0523603	-0.0440984
1125	0.6075	-0.152147	0.0523603	-0.0441012
1126	0.60804	-0.152196	0.0523603	-0.0441041
1127	0.60858	-0.152245	0.0523603	-0.0441069
1128	0.60912	-0.152294	0.0523603	-0.0441097
1129	0.60966	-0.152343	0.0523603	-0.0441125
1130	0.6102	-0.152391	0.0523603	-0.0441153
1131	0.61074	-0.15244	0.0523603	-0.044118
1132	0.61128	-0.152488	0.0523603	-0.0441208
1133	0.61182	-0.152537	0.0523603	-0.0441235
1134	0.61236	-0.152585	0.0523603	-0.0441263
1135	0.6129	-0.152633	0.0523603	-0.044129
1136	0.61344	-0.152681	0.0523603	-0.0441317
1137	0.61398	-0.152729	0.0523603	-0.0441344
1138	0.61452	-0.152777	0.0523603	-0.044137
1139	0.61506	-0.152824	0.0523603	-0.0441397
1140	0.6156	-0.152872	0.0523603	-0.0441423
1141	0.61614	-0.15292	0.0523603	-0.0441449
1142	0.61668	-0.152968	0.0523603	-0.0441475
1143	0.61722	-0.153016	0.0523603	-0.0441501
1144	0.61776	-0.153063	0.0523603	-0.0441527
1145	0.6183	-0.153111	0.0523603	-0.0441553
1146	0.61884	-0.153159	0.0523603	-0.0441578
1147	0.61938	-0.153206	0.0523603	-0.0441603
1148	0.61992	-0.153254	0.0523603	-0.0441629
1149	0.62046	-0.153301	0.0523603	-0.0441654
1150	0.621	-0.153349	0.0523603	-0.0441678
1151	0.62154	-0.153396	0.0523602	-0.0441703
1152	0.62208	-0.153443	0.0523602	-0.0441728
1153	0.62262	-0.15349	0.0523602	-0.0441752
1154	0.62316	-0.153537	0.0523602	-0.0441777
1155	0.6237	-0.153584	0.0523602	-0.0441801
1156	0.62424	-0.15363	0.0523602	-0.0441825
1157	0.62478	-0.153677	0.0523602	-0.0441849
1158	0.62532	-0.153723	0.0523602	-0.0441873
1159	0.62586	-0.153769	0.0523602	-0.0441897
1160	0.6264	-0.153815	0.0523602	-0.0441921
1161	0.62694	-0.153861	0.0523602	-0.0441944
1162	0.62748	-0.153907	0.0523602	-0.0441968
1163	0.62802	-0.153953	0.0523602	-0.0441991
1164	0.62856	-0.153999	0.0523602	-0.0442015
1165	0.6291	-0.154045	0.0523602	-0.0442038
1166	0.62964	-0.154091	0.0523602	-0.044206
1167	0.63018	-0.154137	0.0523602	-0.0442083
1168	0.63072	-0.154183	0.0523602	-0.0442106
1169	0.63126	-0.154228	0.0523602	-0.0442128
1170	0.6318	-0.154274	0.0523602	-0.0442151
1171	0.63234	-0.15432	0.0523602	-0.0442173
1172	0.63288	-0.154366	0.0523602	-0.0442195
1173	0.63342	-0.154411	0.0523602	-0.0442217
1174	0.63396	-0.154456	0.0523602	-0.0442239
1175	0.6345	-0.154502	0.0523602	-0.0442261
1176	0.63504	-0.154547	0.0523602	-0.0442282
1177	0.63558	-0.154592	0.0523602	-0.0442304
1178	0.63612	-0.154637	0.0523602	-0.0442326
1179	0.63666	-0.154682	0.0523602	-0.0442347
1180	0.6372	-0.154727	0.0523602	-0.0442368
1181	0.63774	-0.154772	0.0523602	-0.0442389
1182	0.63828	-0.154816	0.0523602	-0.044241
1183	0.63882	-0.154861	0.0523602	-0.0442431
1184	0.63936	-0.154905	0.0523602	-0.0442452
1185	0.6399	-0.154949	0.0523602	-0.0442473
1186	0.64044	-0.154993	0.0523602	-0.0442494
1187	0.64098	-0.155038	0.0523602	-0.0442514
1188	0.64152	-0.155082	0.0523602	-0.0442534
1189	0.64206	-0.155126	0.0523602	-0.0442555
1190	0.6426	-0.15517	0.0523602	-0.0442575
1191	0.64314	-0.155214	0.0523602	-0.0442595
1192	0.64368	-0.155258	0.0523602	-0.0442615
1193	0.64422	-0.155302	0.0523602	-0.0442635
1194	0.64476	-0.155345	0.0523602	-0.0442654
1195	0.6453	-0.155389	0.0523602	-0.0442674
1196	0.64584	-0.155433	0.0523602	-0.0442693
1197	0.64638	-0.155476	0.0523602	-0.0442713
1198	0.64692	-0.15552	0.0523602	-0.0442732
1199	0.64746	-0.155563	0.0523602	-0.0442751
1200	0.648	-0.155606	0.0523602	-0.044277
1201	0.64854	-0.15565	0.0523602	-0.0442789
1202	0.64908	-0.155693	0.0523602	-0.0442808
1203	0.64962	-0.155736	0.0523602	-0.0442827
1204	0.65016	-0.15578	0.0523601	-0.0442845
1205	0.6507	-0.155823	0.0523601	-0.0442864
1206	0.65124	-0.155866	0.0523601	-0.0442882
1207	0.65178	-0.155909	0.0523601	-0.04429
1208	0.65232	-0.155952	0.0523601	-0.0442919
1209	0.65286	-0.155994	0.0523601	-0.0442937
1210	0.6534	-0.156037	0.0523601	-0.0442955
1211	0.65394	-0.15608	0.0523601	-0.0442973
1212	0.65448	-0.156122	0.0523601	-0.044299
1213	0.65502	-0.156165	0.0523601	-0.0443008
1214	0.65556	-0.156207	0.0523601	-0.0443026
1215	0.6561	-0.156249	0.0523601	-0.0443043
1216	0.65664	-0.156291	0.0523601	-0.0443061
1217	0.65718	-0.156333	0.0523601	-0.0443078
1218	0.65772	-0.156375	0.0523601	-0.0443095
1219	0.65826	-0.156417	0.0523601	-0.0443113
1220	0.6588	-0.156459	0.0523601	-0.044313
1221	0.65934	-0.156501	0.0523601	-0.0443147
1222	0.65988	-0.156542	0.0523601	-0.0443164
1223	0.66042	-0.156584	0.0523601	-0.044318
1224	0.66096	-0.156626	0.0523601	-0.0443197
1225	0.6615	-0.156667	0.0523601	-0.0443214
1226	0.66204	-0.156709	0.0523601	-0.044323
1227	0.66258	-0.15675	0.0523601	-0.0443247
1228	0.66312	-0.156792	0.0523601	-0.0443263
1229	0.66366	-0.156833	0.0523601	-0.0443279
1230	0.6642	-0.156874	0.0523601	-0.0443295
1231	0.66474	-0.156916	0.0523601	-0.0443311
1232	0.66528	-0.156957	0.0523601	-0.0443327
1233	0.66582	-0.156998	0.0523601	-0.0443343
1234	0.66636	-0.157039	0.0523601	-0.0443359
1235	0.6669	-0.15708	0.0523601	-0.0443374
1236	0.66744	-0.157121	0.0523601	-0.044339
1237	0.66798	-0.157162	0.0523601	-0.0443406
1238	0.66852	-0.157203	0.0523601	-0.0443421
1239	0.66906	-0.157243	0.0523601	-0.0443436
1240	0.6696	-0.157284	0.0523601	-0.0443452
1241	0.67014	-0.157325	0.0523601	-0.0443467
1242	0.67068	-0.157365	0.0523601	-0.0443482
1243	0.67122	-0.157405	0.0523601	-0.0443497
1244	0.67176	-0.157446	0.0523601	-0.0443512
1245	0.6723	-0.157486	0.0523601	-0.0443527
1246	0.67284	-0.157526	0.0523601	-0.0443542
1247	0.67338	-0.157566	0.0523601	-0.0443556
1248	0.67392	-0.157606	0.0523601	-0.0443571
1249	0.67446	-0.157646	0.0523601	-0.0443586
1250	0.675	-0.157685	0.0523601	-0.04436
1251	0.67554	-0.157725	0.0523601	-0.0443615
1252	0.67608	-0.157765	0.0523601	-0.0443629
1253	0.67662	-0.157804	0.0523601	-0.0443643
1254	0.67716	-0.157844	0.0523601	-0.0443658
1255	0.6777	-0.157883	0.0523601	-0.0443672
1256	0.67824	-0.157923	0.0523601	-0.0443686
1257	0.67878	-0.157962	0.0523601	-0.04437
1258	0.67932	-0.158002	0.0523601	-0.0443714
1259	0.67986	-0.158041	0.0523601	-0.0443727
1260	0.6804	-0.15808	0.0523601	-0.0443741
1261	0.68094	-0.15812	0.0523601	-0.0443754
1262	0.68148	-0.158159	0.0523601	-0.0443768
1263	0.68202	-0.158198	0.0523601	-0.0443781
1264	0.68256	-0.158237	0.0523601	-0.0443795
1265	0.6831	-0.158276	0.0523601	-0.0443808
1266	0.68364	-0.158316	0.0523601	-0.0443821
1267	0.68418	-0.158355	0.0523601	-0.0443834
1268	0.68472	-0.158393	0.0523601	-0.0443847
1269	0.68526	-0.158432	0.0523601	-0.044386
1270	0.6858	-0.158471	0.0523601	-0.0443873
1271	0.68634	-0.158509	0.0523601	-0.0443886
1272	0.68688	-0.158548	0.0523601	-0.0443899
1273	0.68742	-0.158586	0.0523601	-0.0443911
1274	0.68796	-0.158625	0.0523601	-0.0443924
1275	0.6885	-0.158663	0.0523601	-0.0443937
1276	0.68904	-0.158701	0.0523601	-0.0443949
1277	0.68958	-0.158739	0.0523601	-0.0443962
1278	0.69012	-0.158777	0.0523601	-0.0443974
1279	0.69066	-0.158815	0.0523601	-0.0443986
1280	0.6912	-0.158853	0.0523601	-0.0443999
1281	0.69174	-0.158891	0.0523601	-0.0444011
1282	0.69228	-0.158929	0.0523601	-0.0444023
1283	0.69282	-0.158966	0.0523601	-0.0444035
1284	0.69336	-0.159004	0.05236	-0.0444047
1285	0.6939	-0.159041	0.05236	-0.0444059
1286	0.69444	-0.159079	0.05236	-0.0444071
1287	0.69498	-0.159116	0.05236	-0.0444083
1288	0.69552	-0.159154	0.05236	-0.0444094
1289	0.69606	-0.159191	0.05236	-0.0444106
1290	0.6966	-0.159229	0.05236	-0.0444117
1291	0.69714	-0.159266	0.05236	-0.0444129
1292	0.69768	-0.159304	0.05236	-0.044414
1293	0.69822	-0.159341	0.05236	-0.0444152
1294	0.69876	-0.159378	0.05236	-0.0444163
1295	0.6993	-0.159415	0.05236	-0.0444174
1296	0.69984	-0.159452	0.05236	-0.0444185
1297	0.70038	-0.159489	0.05236	-0.0444196
1298	0.70092	-0.159526	0.05236	-0.0444207
1299	0.70146	-0.159563	0.05236	-0.0444218
1300	0.702	-0.159599	0.05236	-0.0444229
1301	0.70254	-0.159636	0.05236	-0.044424
1302	0.70308	-0.159673	0.05236	-0.0444251
1303	0.70362	-0.159709	0.05236	-0.0444262
1304	0.70416	-0.159746	0.05236	-0.0444272
1305	0.7047	-0.159782	0.05236	-0.0444283
1306	0.70524	-0.159819	0.05236	-0.0444294
1307	0.70578	-0.159855	0.05236	-0.0444304
1308	0.70632	-0.159891	0.05236	-0.0444314
1309	0.70686	-0.159928	0.05236	-0.0444325
1310	0.7074	-0.159964	0.05236	-0.0444335
1311	0.70794	-0.16	0.05236	-0.0444345
1312	0.70848	-0.160036	0.05236	-0.0444356
1313	0.70902	-0.160072	0.05236	-0.0444366
1314	0.70956	-0.160108	0.05236	-0.0444376
1315	0.7101	-0.160144	0.05236	-0.0444386
1316	0.71064	-0.160179	0.05236	-0.0444396
1317	0.71118	-0.160215	0.05236	-0.0444406
1318	0.71172	-0.160251	0.05236	-0.0444416
1319	0.71226	-0.160286	0.05236	-0.0444425
1320	0.7128	-0.160322	0.05236	-0.0444435
1321	0.71334	-0.160357	0.05236	-0.0444445
1322	0.71388	-0.160393	0.05236	-0.0444454
1323	0.71442	-0.160428	0.05236	-0.0444464
1324	0.71496	-0.160463	0.05236	-0.0444474
1325	0.7155	-0.160498	0.05236	-0.0444483
1326	0.71604	-0.160533	0.05236	-0.0444493
1327	0.71658	-0.160568	0.05236	-0.0444502
1328	0.71712	-0.160603	0.05236	-0.0444511
1329	0.71766	-0.160638	0.05236	-0.0444521
1330	0.7182	-0.160673	0.05236	-0.044453
1331	0.71874	-0.160708	0.05236	-0.0444539
1332	0.71928	-0.160743	0.05236	-0.0444548
1333	0.71982	-0.160777	0.05236	-0.0444557
1334	0.72036	-0.160812	0.05236	-0.0444566
1335	0.7209	-0.160847	0.05236	-0.0444575
1336	0.72144	-0.160881	0.05236	-0.0444584
1337	0.72198	-0.160916	0.05236	-0.0444593
1338	0.72252	-0.160951	0.05236	-0.0444601
1339	0.72306	-0.160985	0.05236	-0.044461
1340	0.7236	-0.16102	0.05236	-0.0444619
1341	0.72414	-0.161054	0.05236	-0.0444627
1342	0.72468	-0.161089	0.05236	-0.0444636
1343	0.72522	-0.161124	0.05236	-0.0444644
1344	0.72576	-0.161158	0.05236	-0.0444652
1345	0.7263	-0.161192	0.05236	-0.0444661
1346	0.72684	-0.161226	0.05236	-0.0444669
1347	0.72738	-0.161261	0.05236	-0.0444677
1348	0.72792	-0.161294	0.05236	-0.0444686
1349	0.72846	-0.161328	0.05236	-0.0444694
1350	0.729	-0.161362	0.05236	-0.0444702
1351	0.72954	-0.161396	0.05236	-0.044471
1352	0.73008	-0.161429	0.05236	-0.0444718
1353	0.73062	-0.161463	0.05236	-0.0444726
1354	0.73116	-0.161496	0.05236	-0.0444734
1355	0.7317	-0.16153	0.05236	-0.0444742
1356	0.73224	-0.161563	0.05236	-0.044475
1357	0.73278	-0.161596	0.05236	-0.0444758
1358	0.73332	-0.161629	0.05236	-0.0444766
1359	0.73386	-0.161663	0.05236	-0.0444774
1360	0.7344	-0.161696	0.05236	-0.0444782
1361	0.73494	-0.161729	0.05236	-0.0444789
1362	0.73548	-0.161762	0.05236	-0.0444797
1363	0.73602	-0.161795	0.05236	-0.0444805
1364	0.73656	-0.161828	0.05236	-0.0444812
1365	0.7371	-0.161861	0.05236	-0.0444819
1366	0.73764	-0.161895	0.05236	-0.0444827
1367	0.73818	-0.161928	0.05236	-0.0444834
1368	0.73872	-0.161961	0.05236	-0.0444841
1369	0.73926	-0.161994	0.05236	-0.0444849
1370	0.7398	-0.162027	0.05236	-0.0444856
1371	0.74034	-0.162059	0.05236	-0.0444863
1372	0.74088	-0.162092	0.05236	-0.044487
1373	0.74142	-0.162125	0.05236	-0.0444877
1374	0.74196	-0.162157	0.05236	-0.0444884
1375	0.7425	-0.16219	0.05236	-0.0444891
1376	0.74304	-0.162222	0.05236	-0.0444898
1377	0.74358	-0.162255	0.05236	-0.0444905
1378	0.74412	-0.162287	0.05236	-0.0444912
1379	0.74466	-0.162319	0.05236	-0.0444919
1380	0.7452	-0.162351	0.05236	-0.0444926
1381	0.74574	-0.162383	0.05236	-0.0444933
1382	0.74628	-0.162415	0.05236	-0.044494
1383	0.74682	-0.162447	0.05236	-0.0444946
1384	0.74736	-0.162479	0.05236	-0.0444953
1385	0.7479	-0.162511	0.05236	-0.044496
1386	0.74844	-0.162543	0.05236	-0.0444966
1387	0.74898	-0.162575	0.05236	-0.0444973
1388	0.74952	-0.162606	0.05236	-0.0444979
1389	0.75006	-0.162638	0.05236	-0.0444986
1390	0.7506	-0.16267	0.05236	-0.0444992
1391	0.75114	-0.162701	0.05236	-0.0444999
1392	0.75168	-0.162733	0.05236	-0.0445005
1393	0.75222	-0.162764	0.05236	-0.0445012
1394	0.75276	-0.162796	0.05236	-0.0445018
1395	0.7533	-0.162827	0.05236	-0.0445024
1396	0.75384	-0.162858	0.05236	-0.044503
1397	0.75438	-0.16289	0.05236	-0.0445036
1398	0.75492	-0.162921	0.05236	-0.0445043
1399	0.75546	-0.162952	0.05236	-0.0445049
1400	0.756	-0.162983	0.05236	-0.0445055
1401	0.75654	-0.163015	0.05236	-0.0445061
1402	0.75708	-0.163046	0.05236	-0.0445067
1403	0.75762	-0.163077	0.05236	-0.0445073
1404	0.75816	-0.163108	0.05236	-0.0445078
1405	0.7587	-0.163139	0.05236	-0.0445084
1406	0.75924	-0.16317	0.05236	-0.044509
1407	0.75978	-0.163201	0.05236	-0.0445096
1408	0.76032	-0.163232	0.05236	-0.0445102
1409	0.76086	-0.163262	0.05236	-0.0445107
1410	0.7614	-0.163293	0.05236	-0.0445113
1411	0.76194	-0.163324	0.05236	-0.0445119
1412	0.76248	-0.163354	0.05236	-0.0445124
1413	0.76302	-0.163385	0.05236	-0.044513
1414	0.76356	-0.163415	0.05236	-0.0445135
1415	0.7641	-0.163446	0.05236	-0.0445141
1416	0.76464	-0.163476	0.05236	-0.0445146
1417	0.76518	-0.163506	0.05236	-0.0445152
1418	0.76572	-0.163536	0.05236	-0.0445157
1419	0.76626	-0.163566	0.05236	-0.0445163
1420	0.7668	-0.163596	0.05236	-0.0445168
1421	0.76734	-0.163626	0.05236	-0.0445174
1422	0.76788	-0.163656	0.05236	-0.0445179
1423	0.76842	-0.163686	0.05236	-0.0445184
1424	0.76896	-0.163716	0.05236	-0.0445189
1425	0.7695	-0.163746	0.05236	-0.0445195
1426	0.77004	-0.163776	0.05236	-0.04452
1427	0.77058	-0.163805	0.05236	-0.0445205
1428	0.77112	-0.163835	0.05236	-0.044521
1429	0.77166	-0.163865	0.05236	-0.0445215
1430	0.7722	-0.163895	0.05236	-0.044522
1431	0.77274	-0.163924	0.05236	-0.0445225
1432	0.77328	-0.163954	0.05236	-0.044523
1433	0.77382	-0.163984	0.05236	-0.0445235
1434	0.77436	-0.164013	0.05236	-0.0445239
1435	0.7749	-0.164043	0.05236	-0.0445244
1436	0.77544	-0.164073	0.05236	-0.0445249
1437	0.77598	-0.164102	0.05236	-0.0445254
1438	0.77652	-0.164132	0.05236	-0.0445258
1439	0.77706	-0.164161	0.05236	-0.0445263
1440	0.7776	-0.16419	0.05236	-0.0445268
1441	0.77814	-0.164219	0.05236	-0.0445272
1442	0.77868	-0.164248	0.05236	-0.0445277
1443	0.77922	-0.164277	0.05236	-0.0445282
1444	0.77976	-0.164306	0.05236	-0.0445286
1445	0.7803	-0.164335	0.05236	-0.0445291
1446	0.78084	-0.164364	0.05236	-0.0445295
1447	0.78138	-0.164393	0.05236	-0.04453
1448	0.78192	-0.164422	0.05236	-0.0445304
1449	0.78246	-0.16445	0.05236	-0.0445309
1450	0.783	-0.164479	0.05236	-0.0445313
1451	0.78354	-0.164507	0.0523599	-0.0445318
1452	0.78408	-0.164536	0.0523599	-0.0445322
1453	0.78462	-0.164564	0.0523599	-0.0445326
1454	0.78516	-0.164593	0.0523599	-0.0445331
1455	0.7857	-0.164621	0.0523599	-0.0445335
1456	0.78624	-0.164649	0.0523599	-0.0445339
1457	0.78678	-0.164678	0.0523599	-0.0445344
1458	0.78732	-0.164706	0.0523599	-0.0445348
1459	0.78786	-0.164734	0.0523599	-0.0445352
1460	0.7884	-0.164763	0.0523599	-0.0445356
1461	0.78894	-0.164791	0.0523599	-0.044536
1462	0.78948	-0.164819	0.0523599	-0.0445364
1463	0.79002	-0.164848	0.0523599	-0.0445368
1464	0.79056	-0.164876	0.0523599	-0.0445372
1465	0.7911	-0.164904	0.0523599	-0.0445376
1466	0.79164	-0.164932	0.0523599	-0.044538
1467	0.79218	-0.16496	0.0523599	-0.0445384
1468	0.79272	-0.164988	0.0523599	-0.0445388
1469	0.79326	-0.165016	0.0523599	-0.0445392
1470	0.7938	-0.165044	0.0523599	-0.0445395
1471	0.79434	-0.165072	0.0523599	-0.0445399
1472	0.79488	-0.165099	0.0523599	-0.0445403
1473	0.79542	-0.165127	0.0523599	-0.0445407
1474	0.79596	-0.165154	0.0523599	-0.0445411
1475	0.7965	-0.165181	0.0523599	-0.0445415
1476	0.79704	-0.165209	0.0523599	-0.0445419
1477	0.79758	-0.165236	0.0523599	-0.0445422
1478	0.79812	-0.165263	0.0523599	-0.0445426
1479	0.79866	-0.165291	0.0523599	-0.044543
1480	0.7992	-0.165318	0.0523599	-0.0445433
1481	0.79974	-0.165345	0.0523599	-0.0445437
1482	0.80028	-0.165373	0.0523599	-0.044544
1483	0.80082	-0.1654	0.0523599	-0.0445444
1484	0.80136	-0.165427	0.0523599	-0.0445448
1485	0.8019	-0.165454	0.0523599	-0.0445451
1486	0.80244	-0.165481	0.0523599	-0.0445455
1487	0.80298	-0.165508	0.0523599	-0.0445458
1488	0.80352	-0.165535	0.0523599	-0.0445461
1489	0.80406	-0.165562	0.0523599	-0.0445465
1490	0.8046	-0.165589	0.0523599	-0.0445468
1491	0.80514	-0.165616	0.0523599	-0.0445472
1492	0.80568	-0.165643	0.0523599	-0.0445475
1493	0.80622	-0.16567	0.0523599	-0.0445478
1494	0.80676	-0.165697	0.0523599	-0.0445481
1495	0.8073	-0.165724	0.0523599	-0.0445485
1496	0.80784	-0.16575	0.0523599	-0.0445488
1497	0.80838	-0.165777	0.0523599	-0.0445491
1498	0.80892	-0.165804	0.0523599	-0.0445494
1499	0.80946	-0.16583	0.0523599	-0.0445497
1500	0.81	-0.165857	0.0523599	-0.0445501
1501	0.81054	-0.165883	0.0523599	-0.0445504
1502	0.81108	-0.165909	0.0523599	-0.0445507
1503	0.81162	-0.165935	0.0523599	-0.044551
1504	0.81216	-0.165961	0.0523599	-0.0445513
1505	0.8127	-0.165988	0.0523599	-0.0445516
1506	0.81324	-0.166014	0.0523599	-0.0445519
1507	0.81378	-0.16604	0.0523599	-0.0445522
1508	0.81432	-0.166066	0.0523599	-0.0445525
1509	0.81486	-0.166092	0.0523599	-0.0445528
1510	0.8154	-0.166118	0.0523599	-0.0445531
1511	0.81594	-0.166144	0.0523599	-0.0445534
1512	0.81648	-0.16617	0.0523599	-0.0445537
1513	0.81702	-0.166196	0.0523599	-0.044554
1514	0.81756	-0.166222	0.0523599	-0.0445543
1515	0.8181	-0.166247	0.0523599	-0.0445546
1516	0.81864	-0.166273	0.0523599	-0.0445549
1517	0.81918	-0.166299	0.0523599	-0.0445551
1518	0.81972	-0.166325	0.0523599	-0.0445554
1519	0.82026	-0.16635	0.0523599	-0.0445557
1520	0.8208	-0.166376	0.0523599	-0.044556
1521	0.82134	-0.166402	0.0523599	-0.0445562
1522	0.82188	-0.166427	0.0523599	-0.0445565
1523	0.82242	-0.166453	0.0523599	-0.0445568
1524	0.82296	-0.166478	0.0523599	-0.044557
1525	0.8235	-0.166504	0.0523599	-0.0445573
1526	0.82404	-0.166529	0.0523599	-0.0445576
1527	0.82458	-0.166555	0.0523599	-0.0445578
1528	0.82512	-0.16658	0.0523599	-0.0445581
1529	0.82566	-0.166605	0.0523599	-0.0445583
1530	0.8262	-0.16663	0.0523599	-0.0445586
1531	0.82674	-0.166656	0.0523599	-0.0445588
1532	0.82728	-0.166681	0.0523599	-0.0445591
1533	0.82782	-0.166706	0.0523599	-0.0445593
1534	0.82836	-0.166731	0.0523599	-0.0445596
1535	0.8289	-0.166756	0.0523599	-0.0445598
1536	0.82944	-0.166781	0.0523599	-0.0445601
1537	0.82998	-0.166805	0.0523599	-0.0445603
1538	0.83052	-0.16683	0.0523599	-0.0445606
1539	0.83106	-0.166855	0.0523599	-0.0445608
1540	0.8316	-0.166879	0.0523599	-0.0445611
1541	0.83214	-0.166904	0.0523599	-0.0445613
1542	0.83268	-0.166928	0.0523599	-0.0445616
1543	0.83322	-0.166953	0.0523599	-0.0445618
1544	0.83376	-0.166977	0.0523599	-0.044562
1545	0.8343	-0.167001	0.0523599	-0.0445623
1546	0.83484	-0.167026	0.0523599	-0.0445625
1547	0.83538	-0.16705	0.0523599	-0.0445627
1548	0.83592	-0.167075	0.0523599	-0.0445629
1549	0.83646	-0.167099	0.0523599	-0.0445631
1550	0.837	-0.167124	0.0523599	-0.0445634
1551	0.83754	-0.167149	0.0523599	-0.0445636
1552	0.83808	-0.167173	0.0523599	-0.0445638
1553	0.83862	-0.167197	0.0523599	-0.044564
1554	0.83916	-0.167222	0.0523599	-0.0445642
1555	0.8397	-0.167246	0.0523599	-0.0445644
1556	0.84024	-0.16727	0.0523599	-0.0445646
1557	0.84078	-0.167295	0.0523599	-0.0445648
1558	0.84132	-0.167319	0.0523599	-0.044565
1559	0.84186	-0.167343	0.0523599	-0.0445652
1560	0.8424	-0.167368	0.0523599	-0.0445654
1561	0.84294	-0.167392	0.0523599	-0.0445656
1562	0.84348	-0.167416	0.0523599	-0.0445658
1563	0.84402	-0.16744	0.0523599	-0.044566
1564	0.84456	-0.167464	0.0523599	-0.0445662
1565	0.8451	-0.167487	0.0523599	-0.0445664
1566	0.84564	-0.167511	0.0523599	-0.0445666
1567	0.84618	-0.167534	0.0523599	-0.0445668
1568	0.84672	-0.167558	0.0523599	-0.044567
1569	0.84726	-0.167581	0.0523599	-0.0445672
1570	0.8478	-0.167604	0.0523599	-0.0445674
1571	0.84834	-0.167627	0.0523599	-0.0445676
1572	0.84888	-0.167651	0.0523599	-0.0445678
1573	0.84942	-0.167674	0.0523599	-0.044568
1574	0.84996	-0.167697	0.0523599	-0.0445682
1575	0.8505	-0.16772	0.0523599	-0.0445684
1576	0.85104	-0.167744	0.0523599	-0.0445686
1577	0.85158	-0.167767	0.0523599	-0.0445687
1578	0.85212	-0.16779	0.0523599	-0.0445689
1579	0.85266	-0.167814	0.0523599	-0.0445691
1580	0.8532	-0.167837	0.0523599	-0.0445692
1581	0.85374	-0.167861	0.0523599	-0.0445694
1582	0.85428	-0.167884	0.0523599	-0.0445696
1583	0.85482	-0.167907	0.0523599	-0.0445697
1584	0.85536	-0.167931	0.0523599	-0.0445699
1585	0.8559	-0.167954	0.0523599	-0.04457
1586	0.85644	-0.167977	0.0523599	-0.0445702
1587	0.85698	-0.168	0.0523599	-0.0445704
1588	0.85752	-0.168024	0.0523599	-0.0445705
1589	0.85806	-0.168047	0.0523599	-0.0445707
1590	0.8586	-0.16807	0.0523599	-0.0445708
1591	0.85914	-0.168092	0.0523599	-0.044571
1592	0.85968	-0.168115	0.0523599	-0.0445711
1593	0.86022	-0.168138	0.0523599	-0.0445713
1594	0.86076	-0.16816	0.0523599	-0.0445715
1595	0.8613	-0.168183	0.0523599	-0.0445716
1596	0.86184	-0.168205	0.0523599	-0.0445718
1597	0.86238	-0.168227	0.0523599	-0.044572
1598	0.86292	-0.16825	0.0523599	-0.0445721
1599	0.86346	-0.168272	0.0523599	-0.0445723
1600	0.864	-0.168294	0.0523599	-0.0445724
1601	0.86454	-0.168316	0.0523599	-0.0445726
1602	0.86508	-0.168339	0.0523599	-0.0445727
1603	0.86562	-0.168361	0.0523599	-0.0445729
1604	0.86616	-0.168383	0.0523599	-0.044573
1605	0.8667	-0.168406	0.0523599	-0.0445732
1606	0.86724	-0.168428	0.0523599	-0.0445733
1607	0.86778	-0.16845	0.0523599	-0.0445734
1608	0.86832	-0.168473	0.0523599	-0.0445736
1609	0.86886	-0.168495	0.0523599	-0.0445737
1610	0.8694	-0.168517	0.0523599	-0.0445739
1611	0.86994	-0.168539	0.0523599	-0.044574
1612	0.87048	-0.168561	0.0523599	-0.0445741
1613	0.87102	-0.168583	0.0523599	-0.0445743
1614	0.87156	-0.168605	0.0523599	-0.0445744
1615	0.8721	-0.168627	0.0523599	-0.0445745
1616	0.87264	-0.168649	0.0523599	-0.0445746
1617	0.87318	-0.168672	0.0523599	-0.0445747
1618	0.87372	-0.168694	0.0523599	-0.0445749
1619	0.87426	-0.168715	0.0523599	-0.044575
1620	0.8748	-0.168737	0.0523599	-0.0445751
1621	0.87534	-0.168759	0.0523599	-0.0445752
1622	0.87588	-0.168781	0.0523599	-0.0445753
1623	0.87642	-0.168803	0.0523599	-0.0445754
1624	0.87696	-0.168825	0.0523599	-0.0445756
1625	0.8775	-0.168846	0.0523599	-0.0445757
1626	0.87804	-0.168868	0.0523599	-0.0445758
1627	0.87858	-0.168889	0.0523599	-0.0445759
1628	0.87912	-0.16891	0.0523599	-0.044576
1629	0.87966	-0.168931	0.0523599	-0.0445762
1630	0.8802	-0.168953	0.0523599	-0.0445763
1631	0.88074	-0.168974	0.0523599	-0.0445764
1632	0.88128	-0.168995	0.0523599	-0.0445765
1633	0.88182	-0.169016	0.0523599	-0.0445767
1634	0.88236	-0.169037	0.0523599	-0.0445768
1635	0.8829	-0.169058	0.0523599	-0.0445769
1636	0.88344	-0.169079	0.0523599	-0.044577
1637	0.88398	-0.1691	0.0523599	-0.0445771
1638	0.88452	-0.169121	0.0523599	-0.0445772
1639	0.88506	-0.169142	0.0523599	-0.0445773
1640	0.8856	-0.169163	0.0523599	-0.0445774
1641	0.88614	-0.169184	0.0523599	-0.0445775
1642	0.88668	-0.169205	0.0523599	-0.0445776
1643	0.88722	-0.169226	0.0523599	-0.0445777
1644	0.88776	-0.169247	0.0523599	-0.0445778
1645	0.8883	-0.169268	0.0523599	-0.0445779
1646	0.88884	-0.169289	0.0523599	-0.044578
1647	0.88938	-0.16931	0.0523599	-0.0445781
1648	0.88992	-0.169331	0.0523599	-0.0445782
1649	0.89046	-0.169352	0.0523599	-0.0445783
1650	0.891	-0.169373	0.0523599	-0.0445783
1651	0.89154	-0.169394	0.0523599	-0.0445784
1652	0.89208	-0.169415	0.0523599	-0.0445785
1653	0.89262	-0.169436	0.0523599	-0.0445786
1654	0.89316	-0.169456	0.0523599	-0.0445787
1655	0.8937	-0.169477	0.0523599	-0.0445788
1656	0.89424	-0.169498	0.0523599	-0.0445788
1657	0.89478	-0.169518	0.0523599	-0.0445789
1658	0.89532	-0.169539	0.0523599	-0.044579
1659	0.89586	-0.169559	0.0523599	-0.0445791
1660	0.8964	-0.16958	0.0523599	-0.0445792
1661	0.89694	-0.1696	0.0523599	-0.0445793
1662	0.89748	-0.16962	0.0523599	-0.0445793
1663	0.89802	-0.16964	0.0523599	-0.0445794
1664	0.89856	-0.169661	0.0523599	-0.0445795
1665	0.8991	-0.169681	0.0523599	-0.0445796
1666	0.89964	-0.169701	0.0523599	-0.0445797
1667	0.90018	-0.169721	0.0523599	-0.0445798
1668	0.90072	-0.169741	0.0523599	-0.0445798
1669	0.90126	-0.169761	0.0523599	-0.0445799
1670	0.9018	-0.169781	0.0523599	-0.04458
1671	0.90234	-0.1698	0.0523599	-0.0445801
1672	0.90288	-0.16982	0.0523599	-0.0445802
1673	0.90342	-0.16984	0.0523599	-0.0445802
1674	0.90396	-0.16986	0.0523599	-0.0445803
1675	0.9045	-0.16988	0.0523599	-0.0445804
1676	0.90504	-0.1699	0.0523599	-0.0445804
1677	0.90558	-0.169919	0.0523599	-0.0445805
1678	0.90612	-0.169939	0.0523599	-0.0445806
1679	0.90666	-0.169959	0.0523599	-0.0445807
1680	0.9072	-0.169979	0.0523599	-0.0445807
1681	0.90774	-0.169998	0.0523599	-0.0445808
1682	0.90828	-0.170018	0.0523599	-0.0445808
1683	0.90882	-0.170038	0.0523599	-0.0445809
1684	0.90936	-0.170057	0.0523599	-0.044581
1685	0.9099	-0.170077	0.0523599	-0.044581
1686	0.91044	-0.170096	0.0523599	-0.0445811
1687	0.91098	-0.170116	0.0523599	-0.0445811
1688	0.91152	-0.170136	0.0523599	-0.0445812
1689	0.91206	-0.170155	0.0523599	-0.0445812
1690	0.9126	-0.170175	0.0523599	-0.0445813
1691	0.91314	-0.170194	0.0523599	-0.0445813
1692	0.91368	-0.170214	0.0523599	-0.0445814
1693	0.91422	-0.170233	0.0523599	-0.0445815
1694	0.91476	-0.170252	0.0523599	-0.0445815
1695	0.9153	-0.170271	0.0523599	-0.0445816
1696	0.91584	-0.170291	0.0523599	-0.0445816
1697	0.91638	-0.17031	0.0523599	-0.0445817
1698	0.91692	-0.170329	0.0523599	-0.0445817
1699	0.91746	-0.170348	0.0523599	-0.0445818
1700	0.918	-0.170367	0.0523599	-0.0445818
1701	0.91854	-0.170386	0.0523599	-0.0445819
1702	0.91908	-0.170405	0.0523599	-0.0445819
1703	0.91962	-0.170423	0.0523599	-0.044582
1704	0.92016	-0.170442	0.0523599	-0.0445821
1705	0.9207	-0.170461	0.0523599	-0.0445821
1706	0.92124	-0.17048	0.0523599	-0.0445822
1707	0.92178	-0.170499	0.0523599	-0.0445822
1708	0.92232	-0.170517	0.0523599	-0.0445823
1709	0.92286	-0.170536	0.0523599	-0.0445823
1710	0.9234	-0.170555	0.0523599	-0.0445823
1711	0.92394	-0.170574	0.0523599	-0.0445824
1712	0.92448	-0.170593	0.0523599	-0.0445824
1713	0.92502	-0.170612	0.0523599	-0.0445824
1714	0.92556	-0.170631	0.0523599	-0.0445825
1715	0.9261	-0.170649	0.0523599	-0.0445825
1716	0.92664	-0.170668	0.0523599	-0.0445826
1717	0.92718	-0.170687	0.0523599	-0.0445826
1718	0.92772	-0.170706	0.0523599	-0.0445826
1719	0.92826	-0.170724	0.0523599	-0.0445827
1720	0.9288	-0.170743	0.0523599	-0.0445827
1721	0.92934	-0.170762	0.0523599	-0.0445827
1722	0.92988	-0.17078	0.0523599	-0.0445828
1723	0.93042	-0.170798	0.0523599	-0.0445828
1724	0.93096	-0.170817	0.0523599	-0.0445829
1725	0.9315	-0.170835	0.0523599	-0.0445829
1726	0.93204	-0.170853	0.0523599	-0.0445829
1727	0.93258	-0.170871	0.0523599	-0.044583
1728	0.93312	-0.170889	0.0523599	-0.044583
1729	0.93366	-0.170908	0.0523599	-0.0445831
1730	0.9342	-0.170926	0.0523599	-0.0445831
1731	0.93474	-0.170944	0.0523599	-0.0445831
1732	0.93528	-0.170962	0.0523599	-0.0445832
1733	0.93582	-0.17098	0.0523599	-0.0445832
1734	0.93636	-0.170998	0.0523599	-0.0445832
1735	0.9369	-0.171016	0.0523599	-0.0445833
1736	0.93744	-0.171034	0.0523599	-0.0445833
1737	0.93798	-0.171052	0.0523599	-0.0445833
1738	0.93852	-0.17107	0.0523599	-0.0445833
1739	0.93906	-0.171088	0.0523599	-0.0445834
1740	0.9396	-0.171106	0.0523599	-0.0445834
1741	0.94014	-0.171124	0.0523599	-0.0445834
1742	0.94068	-0.171141	0.0523599	-0.0445835
1743	0.94122	-0.171159	0.0523599	-0.0445835
1744	0.94176	-0.171177	0.0523599	-0.0445835
1745	0.9423	-0.171195	0.0523599	-0.0445835
1746	0.94284	-0.171212	0.0523599	-0.0445835
1747	0.94338	-0.17123	0.0523599	-0.0445836
1748	0.94392	-0.171248	0.0523599	-0.0445836
1749	0.94446	-0.171265	0.0523599	-0.0445836
1750	0.945	-0.171283	0.0523599	-0.0445836
1751	0.94554	-0.1713	0.0523599	-0.0445836
1752	0.94608	-0.171318	0.0523599	-0.0445837
1753	0.94662	-0.171336	0.0523599	-0.0445837
1754	0.94716	-0.171353	0.0523599	-0.0445837
1755	0.9477	-0.171371	0.0523599	-0.0445837
1756	0.94824	-0.171388	0.0523599	-0.0445837
1757	0.94878	-0.171405	0.0523599	-0.0445838
1758	0.94932	-0.171423	0.0523599	-0.0445838
1759	0.94986	-0.17144	0.0523599	-0.0445838
1760	0.9504	-0.171457	0.0523599	-0.0445838
1761	0.95094	-0.171475	0.0523599	-0.0445838
1762	0.95148	-0.171492	0.0523599	-0.0445838
1763	0.95202	-0.171509	0.0523599	-0.0445838
1764	0.95256	-0.171527	0.0523599	-0.0445838
1765	0.9531	-0.171544	0.0523599	-0.0445838
1766	0.95364	-0.171561	0.0523599	-0.0445839
1767	0.95418	-0.171578	0.0523599	-0.0445839
1768	0.95472	-0.171596	0.0523599	-0.0445839
1769	0.95526	-0.171613	0.0523599	-0.0445839
1770	0.9558	-0.17163	0.0523599	-0.0445839
1771	0.95634	-0.171647	0.0523599	-0.0445839
1772	0.95688	-0.171664	0.0523599	-0.0445839
1773	0.95742	-0.171681	0.0523599	-0.0445839
1774	0.95796	-0.171698	0.0523599	-0.0445839
1775	0.9585	-0.171715	0.0523599	-0.0445839
1776	0.95904	-0.171731	0.0523599	-0.0445839
1777	0.95958	-0.171748	0.0523599	-0.044584
1778	0.96012	-0.171748	0.0523599	-0.044584
1779	0.96066	-0.171765	0.0523599	-0.044584
1780	0.9612	-0.171765	0.0523599	-0.044584
1781	0.96174	-0.171766	0.0523599	-0.0445839
1782	0.96228	-0.171768	0.0523599	-0.0445838
1783	0.96282	-0.171772	0.0523599	-0.0445837
1784	0.96336	-0.171779	0.0523599	-0.0445834
1785	0.9639	-0.171788	0.0523599	-0.0445831
1786	0.96444	-0.1718	0.0523599	-0.0445827
1787	0.96498	-0.171816	0.0523599	-0.0445821
1788	0.96552	-0.171834	0.0523599	-0.0445814
1789	0.96606	-0.171855	0.0523599	-0.0445807
1790	0.9666	-0.171878	0.0523599	-0.0445798
1791	0.96714	-0.171904	0.0523599	-0.0445789
1792	0.96768	-0.171932	0.0523599	-0.044578
1793	0.96822	-0.17196	0.0523599	-0.044577
1794	0.96876	-0.17199	0.0523599	-0.044576
1795	0.9693	-0.172019	0.0523599	-0.044575
1796	0.96984	-0.172048	0.0523599	-0.0445741
1797	0.97038	-0.172077	0.0523599	-0.0445732
1798	0.97092	-0.172104	0.0523599	-0.0445723
1799	0.97146	-0.172129	0.0523599	-0.0445716
1800	0.972	-0.172152	0.0523599	-0.044571
1801	0.97254	-0.172173	0.0523599	-0.0445705
1802	0.97308	-0.172191	0.0523599	-0.0445701
1803	0.97362	-0.172208	0.0523599	-0.0445698
1804	0.97416	-0.172221	0.0523599	-0.0445697
1805	0.9747	-0.172233	0.0523599	-0.0445696
1806	0.97524	-0.172243	0.0523599	-0.0445696
1807	0.97578	-0.172251	0.0523599	-0.0445698
1808	0.97632	-0.172258	0.0523599	-0.04457
1809	0.97686	-0.172264	0.0523599	-0.0445702
1810	0.9774	-0.17227	0.0523599	-0.0445705
1811	0.97794	-0.172276	0.0523599	-0.0445708
1812	0.97848	-0.172282	0.0523599	-0.0445711
1813	0.97902	-0.17229	0.0523599	-0.0445714
1814	0.97956	-0.172298	0.0523599	-0.0445717
1815	0.9801	-0.172308	0.0523599	-0.0445719
1816	0.98064	-0.17232	0.0523599	-0.044572
1817	0.98118	-0.172333	0.0523599	-0.0445722
1818	0.98172	-0.172348	0.0523599	-0.0445722
1819	0.98226	-0.172365	0.0523599	-0.0445722
1820	0.9828	-0.172384	0.0523599	-0.0445722
1821	0.98334	-0.172404	0.0523599	-0.0445721
1822	0.98388	-0.172426	0.0523599	-0.0445719
1823	0.98442	-0.172448	0.0523599	-0.0445718
1824	0.98496	-0.172471	0.0523599	-0.0445716
1825	0.9855	-0.172495	0.0523599	-0.0445714
1826	0.98604	-0.172518	0.0523599	-0.0445712
1827	0.98658	-0.172541	0.0523599	-0.0445711
1828	0.98712	-0.172564	0.0523599	-0.0445709
1829	0.98766	-0.172586	0.0523599	-0.0445708
1830	0.9882	-0.172606	0.0523599	-0.0445708
1831	0.98874	-0.172626	0.0523599	-0.0445708
1832	0.98928	-0.172644	0.0523599	-0.0445709
1833	0.98982	-0.172661	0.0523599	-0.044571
1834	0.99036	-0.172676	0.0523599	-0.0445712
1835	0.9909	-0.17269	0.0523599	-0.0445714
1836	0.99144	-0.172703	0.0523599	-0.0445717
1837	0.99198	-0.172714	0.0523599	-0.0445721
1838	0.99252	-0.172725	0.0523599	-0.0445724
1839	0.99306	-0.172735	0.0523599	-0.0445729
1840	0.9936	-0.172744	0.0523599	-0.0445733
1841	0.99414	-0.172753	0.0523599	-0.0445737
1842	0.99468	-0.172763	0.0523599	-0.0445741
1843	0.99522	-0.172772	0.0523599	-0.0445746
1844	0.99576	-0.172782	0.0523599	-0.0445749
1845	0.9963	-0.172793	0.0523599	-0.0445753
1846	0.99684	-0.172805	0.0523599	-0.0445756
1847	0.99738	-0.172818	0.0523599	-0.0445759
1848	0.99792	-0.172831	0.0523599	-0.0445762
1849	0.99846	-0.172846	0.0523599	-0.0445763
1850	0.999	-0.172862	0.0523599	-0.0445765
1851	0.99954	-0.172879	0.0523599	-0.0445766
1852	1.00008	-0.172896	0.0523599	-0.0445766
1853	1.00062	-0.172915	0.0523599	-0.0445767
1854	1.00116	-0.172934	0.0523599	-0.0445767
1855	1.0017	-0.172954	0.0523599	-0.0445766
1856	1.00224	-0.172973	0.0523599	-0.0445766
1857	1.00278	-0.172993	0.0523599	-0.0445765
1858	1.00332	-0.173012	0.0523599	-0.0445765
1859	1.00386	-0.173031	0.0523599	-0.0445765
1860	1.0044	-0.17305	0.0523599	-0.0445764
1861	1.00494	-0.173068	0.0523599	-0.0445764
1862	1.00548	-0.173085	0.0523599	-0.0445764
1863	1.00602	-0.173101	0.0523599	-0.0445765
1864	1.00656	-0.173116	0.0523599	-0.0445766
1865	1.0071	-0.173131	0.0523599	-0.0445767
1866	1.00764	-0.173144	0.0523599	-0.0445768
1867	1.00818	-0.173157	0.0523599	-0.044577
1868	1.00872	-0.173169	0.0523599	-0.0445771
1869	1.00926	-0.173181	0.0523599	-0.0445773
1870	1.0098	-0.173192	0.0523599	-0.0445775
1871	1.01034	-0.173203	0.0523599	-0.0445777
1872	1.01088	-0.173214	0.0523599	-0.0445779
1873	1.01142	-0.173225	0.0523599	-0.0445781
1874	1.01196	-0.173236	0.0523599	-0.0445783
1875	1.0125	-0.173247	0.0523599	-0.0445785
1876	1.01304	-0.173259	0.0523599	-0.0445786
1877	1.01358	-0.173271	0.0523599	-0.0445787
1878	1.01412	-0.173284	0.0523599	-0.0445788
1879	1.01466	-0.173298	0.0523599	-0.0445789
1880	1.0152	-0.173312	0.0523599	-0.0445789
1881	1.01574	-0.173327	0.0523599	-0.0445789
1882	1.01628	-0.173342	0.0523599	-0.0445789
1883	1.01682	-0.173358	0.0523599	-0.0445788
1884	1.01736	-0.173374	0.0523599	-0.0445787
1885	1.0179	-0.173391	0.0523599	-0.0445786
1886	1.01844	-0.173408	0.0523599	-0.0445785
1887	1.01898	-0.173425	0.0523599	-0.0445784
1888	1.01952	-0.173442	0.0523599	-0.0445783
1889	1.02006	-0.173458	0.0523599	-0.0445782
1890	1.0206	-0.173475	0.0523599	-0.0445781
1891	1.02114	-0.173491	0.0523599	-0.044578
1892	1.02168	-0.173507	0.0523599	-0.0445779
1893	1.02222	-0.173522	0.0523599	-0.0445778
1894	1.02276	-0.173537	0.0523599	-0.0445778
1895	1.0233	-0.173551	0.0523599	-0.0445777
1896	1.02384	-0.173565	0.0523599	-0.0445777
1897	1.02438	-0.173578	0.0523599	-0.0445777
1898	1.02492	-0.173591	0.0523599	-0.0445777
1899	1.02546	-0.173603	0.0523599	-0.0445778
1900	1.026	-0.173615	0.0523599	-0.0445778
1901	1.02654	-0.173627	0.0523599	-0.0445779
1902	1.02708	-0.173638	0.0523599	-0.0445779
1903	1.02762	-0.17365	0.0523599	-0.044578
1904	1.02816	-0.173661	0.0523599	-0.044578
1905	1.0287	-0.173673	0.0523599	-0.0445781
1906	1.02924	-0.173685	0.0523599	-0.0445781
1907	1.02978	-0.173697	0.0523599	-0.0445781
1908	1.03032	-0.17371	0.0523599	-0.0445781
1909	1.03086	-0.173723	0.0523599	-0.0445781
1910	1.0314	-0.173736	0.0523599	-0.0445781
1911	1.03194	-0.17375	0.0523599	-0.0445781
1912	1.03248	-0.173764	0.0523599	-0.044578
1913	1.03302	-0.173778	0.0523599	-0.0445779
1914	1.03356	-0.173792	0.0523599	-0.0445779
1915	1.0341	-0.173807	0.0523599	-0.0445778
1916	1.03464	-0.173822	0.0523599	-0.0445777
1917	1.03518	-0.173838	0.0523599	-0.0445776
1918	1.03572	-0.173838	0.0523599	-0.0445776
1919	1.03626	-0.173853	0.0523599	-0.0445775
1920	1.0368	-0.173853	0.0523599	-0.0445775
1921	1.03734	-0.173853	0.0523599	-0.0445775
1922	1.03788	-0.173855	0.0523599	-0.0445774
1923	1.03842	-0.173857	0.0523599	-0.0445773
1924	1.03896	-0.173862	0.0523599	-0.0445771
1925	1.0395	-0.173869	0.0523599	-0.0445769
1926	1.04004	-0.173878	0.0523599	-0.0445765
1927	1.04058	-0.17389	0.0523599	-0.0445761
1928	1.04112	-0.173905	0.0523599	-0.0445756
1929	1.04166	-0.173921	0.0523599	-0.044575
1930	1.0422	-0.17394	0.0523599	-0.0445743
1931	1.04274	-0.173961	0.0523599	-0.0445736
1932	1.04328	-0.173983	0.0523599	-0.0445728
1933	1.04382	-0.174006	0.0523599	-0.044572
1934	1.04436	-0.17403	0.0523599	-0.0445712
1935	1.0449	-0.174054	0.0523599	-0.0445704
1936	1.04544	-0.174077	0.0523599	-0.0445697
1937	1.04598	-0.1741	0.0523599	-0.0445689
1938	1.04652	-0.174122	0.0523599	-0.0445683
1939	1.04706	-0.174143	0.0523599	-0.0445677
1940	1.0476	-0.174161	0.0523599	-0.0445672
1941	1.04814	-0.174178	0.0523599	-0.0445668
1942	1.04868	-0.174193	0.0523599	-0.0445664
1943	1.04922	-0.174206	0.0523599	-0.0445662
1944	1.04976	-0.174217	0.0523599	-0.0445661
1945	1.0503	-0.174226	0.0523599	-0.044566
1946	1.05084	-0.174234	0.0523599	-0.0445661
1947	1.05138	-0.17424	0.0523599	-0.0445662
1948	1.05192	-0.174246	0.0523599	-0.0445663
1949	1.05246	-0.174251	0.0523599	-0.0445665
1950	1.053	-0.174255	0.0523599	-0.0445667
1951	1.05354	-0.17426	0.0523599	-0.044567
1952	1.05408	-0.174265	0.0523599	-0.0445672
1953	1.05462	-0.174271	0.0523599	-0.0445674
1954	1.05516	-0.174278	0.0523599	-0.0445676
1955	1.0557	-0.174286	0.0523599	-0.0445678
1956	1.05624	-0.174295	0.0523599	-0.0445679
1957	1.05678	-0.174305	0.0523599	-0.044568
1958	1.05732	-0.174318	0.0523599	-0.0445681
1959	1.05786	-0.174331	0.0523599	-0.044568
1960	1.0584	-0.174346	0.0523599	-0.044568
1961	1.05894	-0.174363	0.0523599	-0.0445679
1962	1.05948	-0.17438	0.0523599	-0.0445678
1963	1.06002	-0.174398	0.0523599	-0.0445676
1964	1.06056	-0.174417	0.0523599	-0.0445674
1965	1.0611	-0.174435	0.0523599	-0.0445673
1966	1.06164	-0.174454	0.0523599	-0.0445671
1967	1.06218	-0.174473	0.0523599	-0.0445669
1968	1.06272	-0.174491	0.0523599	-0.0445668
1969	1.06326	-0.174508	0.0523599	-0.0445667
1970	1.0638	-0.174525	0.0523599	-0.0445667
1971	1.06434	-0.17454	0.0523599	-0.0445667
1972	1.06488	-0.174555	0.0523599	-0.0445667
1973	1.06542	-0.174568	0.0523599	-0.0445668
1974	1.06596	-0.17458	0.0523599	-0.044567
1975	1.0665	-0.174591	0.0523599	-0.0445671
1976	1.06704	-0.174601	0.0523599	-0.0445674
1977	1.06758	-0.17461	0.0523599	-0.0445676
1978	1.06812	-0.174618	0.0523599	-0.0445679
1979	1.06866	-0.174626	0.0523599	-0.0445682
1980	1.0692	-0.174634	0.0523599	-0.0445685
1981	1.06974	-0.174641	0.0523599	-0.0445689
1982	1.07028	-0.174649	0.0523599	-0.0445692
1983	1.07082	-0.174657	0.0523599	-0.0445695
1984	1.07136	-0.174665	0.0523599	-0.0445698
1985	1.0719	-0.174674	0.0523599	-0.04457
1986	1.07244	-0.174683	0.0523599	-0.0445703
1987	1.07298	-0.174694	0.0523599	-0.0445705
1988	1.07352	-0.174705	0.0523599	-0.0445706
1989	1.07406	-0.174717	0.0523599	-0.0445708
1990	1.0746	-0.174729	0.0523599	-0.0445709
1991	1.07514	-0.174743	0.0523599	-0.0445709
1992	1.07568	-0.174757	0.0523599	-0.044571
1993	1.07622	-0.174772	0.0523599	-0.044571
1994	1.07676	-0.174787	0.0523599	-0.0445709
1995	1.0773	-0.174802	0.0523599	-0.0445709
1996	1.07784	-0.174818	0.0523599	-0.0445709
1997	1.07838	-0.174834	0.0523599	-0.0445708
1998	1.07892	-0.174849	0.0523599	-0.0445708
1999	1.07946	-0.174864	0.0523599	-0.0445707
2000	1.08	-0.174879	0.0523599	-0.0445707
2001	1.08054	-0.174893	0.0523599	-0.0445707
2002	1.08108	-0.174906	0.0523599	-0.0445707
2003	1.08162	-0.174919	0.0523599	-0.0445707
2004	1.08216	-0.174931	0.0523599	-0.0445708
2005	1.0827	-0.174943	0.0523599	-0.0445709
2006	1.08324	-0.174953	0.0523599	-0.0445709
2007	1.08378	-0.174963	0.0523599	-0.0445711
2008	1.08432	-0.174973	0.0523599	-0.0445712
2009	1.08486	-0.174982	0.0523599	-0.0445713
2010	1.0854	-0.174991	0.0523599	-0.0445715
2011	1.08594	-0.175	0.0523599	-0.0445716
2012	1.08648	-0.175009	0.0523599	-0.0445718
2013	1.08702	-0.175017	0.0523599	-0.0445719
2014	1.08756	-0.175026	0.0523599	-0.0445721
2015	1.0881	-0.175035	0.0523599	-0.0445722
2016	1.08864	-0.175045	0.0523599	-0.0445723
2017	1.08918	-0.175055	0.0523599	-0.0445723
2018	1.08972	-0.175065	0.0523599	-0.0445724
2019	1.09026	-0.175076	0.0523599	-0.0445724
2020	1.0908	-0.175088	0.0523599	-0.0445724
2021	1.09134	-0.1751	0.0523599	-0.0445724
2022	1.09188	-0.175113	0.0523599	-0.0445723
2023	1.09242	-0.175126	0.0523599	-0.0445723
2024	1.09296	-0.175139	0.0523599	-0.0445722
2025	1.0935	-0.175153	0.0523599	-0.0445721
2026	1.09404	-0.175166	0.0523599	-0.044572
2027	1.09458	-0.175166	0.0523599	-0.044572
2028	1.09512	-0.17518	0.0523599	-0.0445719
2029	1.09566	-0.17518	0.0523599	-0.0445719
2030	1.0962	-0.17518	0.0523599	-0.0445719
2031	1.09674	-0.175181	0.0523599	-0.0445718
2032	1.09728	-0.175183	0.0523599	-0.0445717
2033	1.09782	-0.175187	0.0523599	-0.0445716
2034	1.09836	-0.175193	0.0523599	-0.0445713
2035	1.0989	-0.1752	0.0523599	-0.0445711
2036	1.09944	-0.17521	0.0523599	-0.0445707
2037	1.09998	-0.175222	0.0523599	-0.0445702
2038	1.10052	-0.175236	0.0523599	-0.0445697
2039	1.10106	-0.175252	0.0523599	-0.0445692
2040	1.1016	-0.175269	0.0523599	-0.0445685
2041	1.10214	-0.175287	0.0523599	-0.0445679
2042	1.10268	-0.175307	0.0523599	-0.0445672
2043	1.10322	-0.175326	0.0523599	-0.0445665
2044	1.10376	-0.175347	0.0523599	-0.0445658
2045	1.1043	-0.175366	0.0523599	-0.0445651
2046	1.10484	-0.175386	0.0523599	-0.0445645
2047	1.10538	-0.175404	0.0523599	-0.0445639
2048	1.10592	-0.175421	0.0523599	-0.0445634
2049	1.10646	-0.175437	0.0523599	-0.0445629
2050	1.107	-0.175452	0.0523599	-0.0445625
2051	1.10754	-0.175465	0.0523599	-0.0445622
2052	1.10808	-0.175476	0.0523599	-0.044562
2053	1.10862	-0.175485	0.0523599	-0.0445618
2054	1.10916	-0.175493	0.0523599	-0.0445618
2055	1.1097	-0.1755	0.0523599	-0.0445617
2056	1.11024	-0.175506	0.0523599	-0.0445618
2057	1.11078	-0.17551	0.0523599	-0.0445619
2058	1.11132	-0.175514	0.0523599	-0.044562
2059	1.11186	0	0	0
2060	1.1124	0	0	0
2061	1.11294	0	0	0
2062	1.11348	0	0	0
2063	1.11402	0	0	0
2064	1.11456	0	0	0
2065	1.1151	0	0	0
2066	1.11564	0	0	0
2067	1.11618	0	0	0
