TimeSlice	Time	LH_Knee	LH_HipZ	LH_AnkleZ
0	0	0	0	0
1	0.00054	-2.6563e-018	8.29415e-017	8.14778e-017
2	0.00108	0.0181362	-0.053676	-0.0014546
3	0.00162	0.0373466	-0.107676	-0.00267864
4	0.00216	0.051526	-0.161676	-0.0030355
5	0.0027	0.0603131	-0.202253	-0.00258874
6	0.00324	0.0652857	-0.227184	-0.0015441
7	0.00378	0.0681368	-0.240307	-9.32144e-005
8	0.00432	0.0700579	-0.246101	0.00161809
9	0.00486	0.0717027	-0.247943	0.00348666
10	0.0054	0.0733468	-0.247928	0.0054418
11	0.00594	0.0750577	-0.247184	0.00743576
12	0.00648	0.0768158	-0.246237	0.0094365
13	0.00702	0.07858	-0.245293	0.0114226
14	0.00756	0.0803154	-0.244405	0.0133796
15	0.0081	0.0820003	-0.243568	0.0152981
16	0.00864	0.0836242	-0.242762	0.0171714
17	0.00918	0.0851835	-0.241968	0.0189953
18	0.00972	0.0866782	-0.241174	0.0207669
19	0.01026	0.0881094	-0.240371	0.0224842
20	0.0108	0.0894784	-0.239557	0.0241457
21	0.01134	0.0907861	-0.23873	0.0257507
22	0.01188	0.0920335	-0.23789	0.0272985
23	0.01242	0.093221	-0.237037	0.0287887
24	0.01296	0.0943493	-0.236171	0.030221
25	0.0135	0.0954186	-0.235293	0.0315953
26	0.01404	0.0964295	-0.234404	0.0329115
27	0.01458	0.0973824	-0.233503	0.0341697
28	0.01512	0.0982779	-0.23259	0.0353697
29	0.01566	0.0991165	-0.231667	0.0365118
30	0.0162	0.0998988	-0.230733	0.0375961
31	0.01674	0.100625	-0.229789	0.0386226
32	0.01728	0.101297	-0.228835	0.0395916
33	0.01782	0.101914	-0.227871	0.0405033
34	0.01836	0.102477	-0.226897	0.0413579
35	0.0189	0.102986	-0.225914	0.0421556
36	0.01944	0.103444	-0.224922	0.0428969
37	0.01998	0.103849	-0.223921	0.0435819
38	0.02052	0.104203	-0.222912	0.0442111
39	0.02106	0.104507	-0.221893	0.0447847
40	0.0216	0.104761	-0.220867	0.0453031
41	0.02214	0.104966	-0.219832	0.0457668
42	0.02268	0.105123	-0.218789	0.0461762
43	0.02322	0.105233	-0.217739	0.0465317
44	0.02376	0.105295	-0.216681	0.0468338
45	0.0243	0.105312	-0.215615	0.047083
46	0.02484	0.105284	-0.214542	0.0472797
47	0.02538	0.105212	-0.213461	0.0474245
48	0.02592	0.105096	-0.212374	0.047518
49	0.02646	0.104938	-0.211279	0.0475606
50	0.027	0.104738	-0.210178	0.0475531
51	0.02754	0.104497	-0.20907	0.0474959
52	0.02808	0.104216	-0.207955	0.0473897
53	0.02862	0.103896	-0.206833	0.047235
54	0.02916	0.103537	-0.205705	0.0470327
55	0.0297	0.103141	-0.204571	0.0467832
56	0.03024	0.102709	-0.20343	0.0464873
57	0.03078	0.10224	-0.202282	0.0461457
58	0.03132	0.101737	-0.201128	0.045759
59	0.03186	0.1012	-0.199968	0.045328
60	0.0324	0.10063	-0.198801	0.0448533
61	0.03294	0.100028	-0.197628	0.0443358
62	0.03348	0.0993947	-0.196449	0.0437762
63	0.03402	0.0987309	-0.195263	0.0431752
64	0.03456	0.0980376	-0.194071	0.0425335
65	0.0351	0.0973157	-0.192873	0.0418521
66	0.03564	0.0965661	-0.191668	0.0411316
67	0.03618	0.0957896	-0.190457	0.0403728
68	0.03672	0.0949873	-0.189239	0.0395765
69	0.03726	0.0941598	-0.188015	0.0387437
70	0.0378	0.0933083	-0.186784	0.0378749
71	0.03834	0.0924334	-0.185546	0.0369712
72	0.03888	0.0915361	-0.184302	0.0360333
73	0.03942	0.0906172	-0.18305	0.035062
74	0.03996	0.0896776	-0.181792	0.0340582
75	0.0405	0.0887182	-0.180526	0.0330227
76	0.04104	0.0877399	-0.179254	0.0319564
77	0.04158	0.0867434	-0.177974	0.0308601
78	0.04212	0.0857296	-0.176686	0.0297347
79	0.04266	0.0846993	-0.175391	0.028581
80	0.0432	0.0836535	-0.174089	0.0273999
81	0.04374	0.0825928	-0.172778	0.0261922
82	0.04428	0.0815181	-0.171459	0.0249588
83	0.04482	0.0804302	-0.170133	0.0237006
84	0.04536	0.0793299	-0.168797	0.0224184
85	0.0459	0.078218	-0.167454	0.0211131
86	0.04644	0.0770953	-0.166101	0.0197855
87	0.04698	0.0759625	-0.16474	0.0184365
88	0.04752	0.0748204	-0.163369	0.0170669
89	0.04806	0.0736697	-0.161989	0.0156777
90	0.0486	0.0725113	-0.160599	0.0142696
91	0.04914	0.0713457	-0.1592	0.0128436
92	0.04968	0.0701737	-0.157791	0.0114003
93	0.05022	0.0689961	-0.156371	0.00994084
94	0.05076	0.0678136	-0.154942	0.00846587
95	0.0513	0.0666267	-0.153501	0.00697629
96	0.05184	0.0654362	-0.152049	0.00547291
97	0.05238	0.0642428	-0.150587	0.00395658
98	0.05292	0.0630471	-0.149113	0.0024281
99	0.05346	0.0618497	-0.147627	0.000888303
100	0.054	0.0606513	-0.146129	-0.000662005
101	0.05454	0.0594525	-0.144619	-0.00222202
102	0.05508	0.0582539	-0.143096	-0.00379093
103	0.05562	0.0570561	-0.141561	-0.00536795
104	0.05616	0.0558596	-0.140012	-0.00695229
105	0.0567	0.0546651	-0.138451	-0.00854317
106	0.05724	0.053473	-0.136875	-0.0101398
107	0.05778	0.052284	-0.135286	-0.0117415
108	0.05832	0.0510986	-0.133682	-0.0133473
109	0.05886	0.0499173	-0.132064	-0.0149567
110	0.0594	0.0487405	-0.130431	-0.0165688
111	0.05994	0.0475688	-0.128783	-0.0181829
112	0.06048	0.0464027	-0.12712	-0.0197983
113	0.06102	0.0452427	-0.125441	-0.0214143
114	0.06156	0.0440891	-0.123745	-0.0230301
115	0.0621	0.0429425	-0.122034	-0.024645
116	0.06264	0.0418032	-0.120305	-0.0262584
117	0.06318	0.0406718	-0.11856	-0.0278696
118	0.06372	0.0395486	-0.116797	-0.0294778
119	0.06426	0.038434	-0.115017	-0.0310824
120	0.0648	0.0373284	-0.113219	-0.0326828
121	0.06534	0.0362321	-0.111402	-0.0342783
122	0.06588	0.0351457	-0.109567	-0.0358683
123	0.06642	0.0340693	-0.107713	-0.0374521
124	0.06696	0.0330033	-0.105839	-0.0390291
125	0.0675	0.0319481	-0.103946	-0.0405986
126	0.06804	0.0309041	-0.102033	-0.0421602
127	0.06858	0.0298714	-0.1001	-0.0437131
128	0.06912	0.0288504	-0.0981463	-0.0452569
129	0.06966	0.0278414	-0.0961717	-0.0467909
130	0.0702	0.0268447	-0.0941759	-0.0483145
131	0.07074	0.0258605	-0.0921586	-0.0498272
132	0.07128	0.0248892	-0.0901194	-0.0513285
133	0.07182	0.0239309	-0.0880581	-0.0528177
134	0.07236	0.0229859	-0.0859743	-0.0542944
135	0.0729	0.0220544	-0.0838677	-0.0557581
136	0.07344	0.0211367	-0.0817381	-0.0572082
137	0.07398	0.020233	-0.079585	-0.0586442
138	0.07452	0.0193435	-0.0774082	-0.0600656
139	0.07506	0.0184683	-0.0752074	-0.0614719
140	0.0756	0.0176077	-0.0729822	-0.0628627
141	0.07614	0.0167619	-0.0707325	-0.0642375
142	0.07668	0.015931	-0.0684578	-0.0655958
143	0.07722	0.0151152	-0.066158	-0.0669372
144	0.07776	0.0143147	-0.0638326	-0.0682611
145	0.0783	0.0135296	-0.0614814	-0.0695673
146	0.07884	0.0127601	-0.0591043	-0.0708552
147	0.07938	0.0120063	-0.0567007	-0.0721243
148	0.07992	0.0112683	-0.0542706	-0.0733744
149	0.08046	0.0105464	-0.0518136	-0.074605
150	0.081	0.00984057	-0.0493295	-0.0758157
151	0.08154	0.00915097	-0.046818	-0.077006
152	0.08208	0.00847774	-0.0442788	-0.0781757
153	0.08262	0.00782097	-0.0417118	-0.0793243
154	0.08316	0.00718079	-0.0391166	-0.0804514
155	0.0837	0.00655728	-0.0364931	-0.0815568
156	0.08424	0.00595055	-0.033841	-0.0826399
157	0.08478	0.00536071	-0.0311601	-0.0837005
158	0.08532	0.00478783	-0.0284501	-0.0847383
159	0.08586	0.00423202	-0.025711	-0.0857528
160	0.0864	0.00369335	-0.0229424	-0.0867438
161	0.08694	0.00317191	-0.0201441	-0.0877108
162	0.08748	0.00266779	-0.0173161	-0.0886537
163	0.08802	0.00218106	-0.014458	-0.089572
164	0.08856	0.0017118	-0.0115698	-0.0904655
165	0.0891	0.00126008	-0.00865118	-0.0913339
166	0.08964	0.000825976	-0.0057021	-0.0921768
167	0.09018	0.000409565	-0.00272236	-0.0929939
168	0.09072	1.09136e-005	0.000288165	-0.093785
169	0.09126	-0.000369908	0.00332962	-0.0945497
170	0.0918	-0.000732832	0.00640214	-0.0952878
171	0.09234	-0.00107779	0.00950583	-0.0959991
172	0.09288	-0.00140472	0.0126408	-0.0966831
173	0.09342	-0.00171354	0.0158072	-0.0973397
174	0.09396	-0.00200421	0.019005	-0.0979685
175	0.0945	-0.00227664	0.0222344	-0.0985694
176	0.09504	-0.00253077	0.0254955	-0.0991421
177	0.09558	-0.00276654	0.0287882	-0.0996862
178	0.09612	-0.00298388	0.0321127	-0.100202
179	0.09666	-0.00318272	0.035469	-0.100688
180	0.0972	-0.003363	0.0388571	-0.101145
181	0.09774	-0.00352465	0.0422771	-0.101573
182	0.09828	-0.0036676	0.0457289	-0.101971
183	0.09882	-0.00379179	0.0492127	-0.102338
184	0.09936	-0.00389713	0.0527283	-0.102676
185	0.0999	-0.00398357	0.0562758	-0.102983
186	0.10044	-0.00405103	0.0598551	-0.10326
187	0.10098	-0.00409944	0.0634662	-0.103506
188	0.10152	-0.00412872	0.0671091	-0.10372
189	0.10206	-0.00413881	0.0707837	-0.103903
190	0.1026	-0.00412963	0.0744899	-0.104055
191	0.10314	-0.00410109	0.0782277	-0.104175
192	0.10368	-0.00405313	0.081997	-0.104263
193	0.10422	-0.00398567	0.0857976	-0.104319
194	0.10476	-0.00389862	0.0896295	-0.104342
195	0.1053	-0.00379191	0.0934925	-0.104332
196	0.10584	-0.00366546	0.0973866	-0.10429
197	0.10638	-0.00351918	0.101311	-0.104215
198	0.10692	-0.003353	0.105267	-0.104107
199	0.10746	-0.00316682	0.109253	-0.103965
200	0.108	-0.00296057	0.11327	-0.10379
201	0.10854	-0.00273417	0.117316	-0.10358
202	0.10908	-0.00248752	0.121393	-0.103337
203	0.10962	-0.00222055	0.1255	-0.10306
204	0.11016	-0.00193316	0.129636	-0.102748
205	0.1107	-0.00162527	0.133801	-0.102402
206	0.11124	-0.0012968	0.137995	-0.102021
207	0.11178	-0.000947668	0.142218	-0.101605
208	0.11232	-0.000577778	0.14647	-0.101155
209	0.11286	-0.00018705	0.15075	-0.100669
210	0.1134	0.000224599	0.155058	-0.100147
211	0.11394	0.000657252	0.159393	-0.0995904
212	0.11448	0.00111099	0.163756	-0.0989978
213	0.11502	0.0015859	0.168146	-0.0983693
214	0.11556	0.00208205	0.172562	-0.0977049
215	0.1161	0.00259953	0.177005	-0.0970044
216	0.11664	0.00313841	0.181474	-0.0962675
217	0.11718	0.00369877	0.185968	-0.0954943
218	0.11772	0.00428067	0.190488	-0.0946845
219	0.11826	0.00488419	0.195032	-0.0938381
220	0.1188	0.00550939	0.199601	-0.0929549
221	0.11934	0.00615634	0.204194	-0.0920348
222	0.11988	0.0068251	0.20881	-0.0910776
223	0.12042	0.00751573	0.213449	-0.0900834
224	0.12096	0.00822827	0.218111	-0.0890519
225	0.1215	0.00896279	0.222796	-0.0879831
226	0.12204	0.00971932	0.227501	-0.0868769
227	0.12258	0.0104979	0.232229	-0.0857332
228	0.12312	0.0112986	0.236976	-0.084552
229	0.12366	0.0121214	0.241744	-0.0833331
230	0.1242	0.0129664	0.246532	-0.0820765
231	0.12474	0.0138335	0.251339	-0.0807822
232	0.12528	0.0147228	0.256164	-0.0794501
233	0.12582	0.0156344	0.261008	-0.0780801
234	0.12636	0.0165681	0.265869	-0.0766723
235	0.1269	0.017524	0.270747	-0.0752265
236	0.12744	0.0185021	0.275641	-0.0737429
237	0.12798	0.0195024	0.280551	-0.0722213
238	0.12852	0.0205248	0.285476	-0.0706618
239	0.12906	0.0215693	0.290416	-0.0690644
240	0.1296	0.0226359	0.29537	-0.0674291
241	0.13014	0.0237245	0.300337	-0.065756
242	0.13068	0.024835	0.305316	-0.064045
243	0.13122	0.0259674	0.310308	-0.0622963
244	0.13176	0.0271217	0.315311	-0.0605099
245	0.1323	0.0282976	0.320324	-0.0586858
246	0.13284	0.0294952	0.325348	-0.0568242
247	0.13338	0.0307143	0.33038	-0.0549251
248	0.13392	0.0319548	0.335422	-0.0529886
249	0.13446	0.0332165	0.340471	-0.051015
250	0.135	0.0344994	0.345527	-0.0490042
251	0.13554	0.0358033	0.35059	-0.0469564
252	0.13608	0.0371279	0.355659	-0.0448718
253	0.13662	0.0384733	0.360732	-0.0427506
254	0.13716	0.039839	0.36581	-0.0405929
255	0.1377	0.041225	0.370891	-0.0383989
256	0.13824	0.0426311	0.375975	-0.0361688
257	0.13878	0.0440569	0.381061	-0.0339029
258	0.13932	0.0455024	0.386148	-0.0316014
259	0.13986	0.0469671	0.391235	-0.0292645
260	0.1404	0.048451	0.396323	-0.0268926
261	0.14094	0.0499536	0.401409	-0.0244857
262	0.14148	0.0514747	0.406492	-0.0220444
263	0.14202	0.053014	0.411573	-0.0195688
264	0.14256	0.0545711	0.41665	-0.0170594
265	0.1431	0.0561458	0.421723	-0.0145164
266	0.14364	0.0577376	0.426791	-0.0119401
267	0.14418	0.0593463	0.431852	-0.00933108
268	0.14472	0.0609714	0.436907	-0.00668958
269	0.14526	0.0626125	0.441954	-0.00401605
270	0.1458	0.0642692	0.446992	-0.00131089
271	0.14634	0.0659412	0.45202	0.00142544
272	0.14688	0.0676279	0.457039	0.00419249
273	0.14742	0.0693289	0.462046	0.0069898
274	0.14796	0.0710437	0.467041	0.00981688
275	0.1485	0.0727718	0.472023	0.0126732
276	0.14904	0.0745128	0.476991	0.0155583
277	0.14958	0.0762661	0.481945	0.0184715
278	0.15012	0.0780312	0.486883	0.0214124
279	0.15066	0.0798074	0.491805	0.0243804
280	0.1512	0.0815944	0.496709	0.0273748
281	0.15174	0.0833914	0.501595	0.030395
282	0.15228	0.0851979	0.506463	0.0334405
283	0.15282	0.0870132	0.51131	0.0365105
284	0.15336	0.0888367	0.516136	0.0396045
285	0.1539	0.0906678	0.520941	0.0427216
286	0.15444	0.0925058	0.525723	0.0458613
287	0.15498	0.09435	0.530481	0.0490227
288	0.15552	0.0961997	0.535215	0.0522053
289	0.15606	0.0980543	0.539924	0.0554081
290	0.1566	0.0999129	0.544606	0.0586304
291	0.15714	0.101775	0.549262	0.0618715
292	0.15768	0.103639	0.553889	0.0651304
293	0.15822	0.105506	0.558488	0.0684065
294	0.15876	0.107373	0.563057	0.0716988
295	0.1593	0.109241	0.567595	0.0750065
296	0.15984	0.111108	0.572102	0.0783287
297	0.16038	0.112973	0.576576	0.0816644
298	0.16092	0.114837	0.581017	0.0850129
299	0.16146	0.116697	0.585424	0.0883731
300	0.162	0.118553	0.589796	0.0917441
301	0.16254	0.120404	0.594131	0.0951249
302	0.16308	0.122249	0.59843	0.0985145
303	0.16362	0.124088	0.602692	0.101912
304	0.16416	0.125919	0.606914	0.105316
305	0.1647	0.127742	0.611098	0.108726
306	0.16524	0.129555	0.615241	0.112141
307	0.16578	0.131357	0.619343	0.11556
308	0.16632	0.133148	0.623403	0.118981
309	0.16686	0.134927	0.62742	0.122404
310	0.1674	0.136692	0.631393	0.125827
311	0.16794	0.138443	0.635322	0.129249
312	0.16848	0.140178	0.639206	0.13267
313	0.16902	0.141897	0.643043	0.136087
314	0.16956	0.143598	0.646834	0.1395
315	0.1701	0.145281	0.650577	0.142908
316	0.17064	0.146944	0.654271	0.14631
317	0.17118	0.148586	0.657916	0.149704
318	0.17172	0.150207	0.66151	0.153089
319	0.17226	0.151805	0.665054	0.156463
320	0.1728	0.153379	0.668546	0.159826
321	0.17334	0.154929	0.671985	0.163177
322	0.17388	0.156452	0.675372	0.166514
323	0.17442	0.157948	0.678704	0.169835
324	0.17496	0.159417	0.681981	0.173141
325	0.1755	0.160855	0.685203	0.176428
326	0.17604	0.162264	0.688369	0.179697
327	0.17658	0.163641	0.691477	0.182945
328	0.17712	0.164985	0.694528	0.186172
329	0.17766	0.166296	0.697521	0.189376
330	0.1782	0.167572	0.700455	0.192555
331	0.17874	0.168813	0.703328	0.195709
332	0.17928	0.170016	0.706142	0.198837
333	0.17982	0.171182	0.708894	0.201936
334	0.18036	0.172308	0.711585	0.205006
335	0.1809	0.173394	0.714213	0.208044
336	0.18144	0.174438	0.716778	0.211051
337	0.18198	0.175441	0.71928	0.214025
338	0.18252	0.1764	0.721717	0.216963
339	0.18306	0.177314	0.72409	0.219865
340	0.1836	0.178183	0.726397	0.22273
341	0.18414	0.179005	0.728638	0.225556
342	0.18468	0.17978	0.730813	0.228342
343	0.18522	0.180506	0.732921	0.231087
344	0.18576	0.181182	0.734961	0.233789
345	0.1863	0.181807	0.736933	0.236446
346	0.18684	0.182381	0.738836	0.239059
347	0.18738	0.182901	0.74067	0.241624
348	0.18792	0.183368	0.742434	0.244142
349	0.18846	0.183781	0.744128	0.24661
350	0.189	0.184137	0.745752	0.249027
351	0.18954	0.184437	0.747305	0.251393
352	0.19008	0.184679	0.748786	0.253705
353	0.19062	0.184863	0.750195	0.255964
354	0.19116	0.184988	0.751533	0.258166
355	0.1917	0.185052	0.752797	0.260311
356	0.19224	0.185055	0.753988	0.262399
357	0.19278	0.184996	0.755106	0.264427
358	0.19332	0.184875	0.756151	0.266394
359	0.19386	0.184689	0.757121	0.268299
360	0.1944	0.18444	0.758017	0.270142
361	0.19494	0.184125	0.758838	0.271921
362	0.19548	0.183744	0.759584	0.273634
363	0.19602	0.183296	0.760254	0.275281
364	0.19656	0.182782	0.76085	0.27686
365	0.1971	0.182199	0.761369	0.278371
366	0.19764	0.181547	0.761813	0.279813
367	0.19818	0.180826	0.76218	0.281183
368	0.19872	0.180035	0.762471	0.282482
369	0.19926	0.179174	0.762685	0.283708
370	0.1998	0.178241	0.762822	0.28486
371	0.20034	0.177237	0.762883	0.285938
372	0.20088	0.176161	0.762866	0.28694
373	0.20142	0.175013	0.762773	0.287865
374	0.20196	0.173791	0.762602	0.288713
375	0.2025	0.172496	0.762354	0.289483
376	0.20304	0.171127	0.762028	0.290173
377	0.20358	0.169683	0.761625	0.290784
378	0.20412	0.168166	0.761144	0.291313
379	0.20466	0.166573	0.760585	0.291761
380	0.2052	0.164906	0.759949	0.292127
381	0.20574	0.163163	0.759236	0.292409
382	0.20628	0.161344	0.758445	0.292608
383	0.20682	0.15945	0.757576	0.292723
384	0.20736	0.15748	0.75663	0.292753
385	0.2079	0.155434	0.755607	0.292697
386	0.20844	0.153312	0.754506	0.292555
387	0.20898	0.151114	0.753328	0.292326
388	0.20952	0.148841	0.752073	0.29201
389	0.21006	0.146491	0.750741	0.291607
390	0.2106	0.144065	0.749333	0.291115
391	0.21114	0.141563	0.747847	0.290535
392	0.21168	0.138986	0.746286	0.289866
393	0.21222	0.136333	0.744648	0.289108
394	0.21276	0.133604	0.742934	0.288261
395	0.2133	0.130801	0.741144	0.287324
396	0.21384	0.127923	0.739278	0.286297
397	0.21438	0.12497	0.737338	0.28518
398	0.21492	0.121943	0.735322	0.283972
399	0.21546	0.118843	0.733232	0.282675
400	0.216	0.115669	0.731067	0.281287
401	0.21654	0.112422	0.728828	0.279808
402	0.21708	0.109103	0.726515	0.278239
403	0.21762	0.105712	0.724129	0.276579
404	0.21816	0.10225	0.72167	0.274829
405	0.2187	0.0987169	0.719139	0.272989
406	0.21924	0.095114	0.716535	0.271058
407	0.21978	0.0914418	0.713859	0.269038
408	0.22032	0.0877009	0.711112	0.266928
409	0.22086	0.0838922	0.708294	0.264728
410	0.2214	0.0800163	0.705405	0.26244
411	0.22194	0.0760742	0.702446	0.260062
412	0.22248	0.0720667	0.699418	0.257596
413	0.22302	0.0679947	0.696321	0.255042
414	0.22356	0.063859	0.693155	0.252401
415	0.2241	0.0596608	0.689921	0.249672
416	0.22464	0.0554009	0.68662	0.246857
417	0.22518	0.0510804	0.683252	0.243956
418	0.22572	0.0467004	0.679818	0.24097
419	0.22626	0.042262	0.676318	0.237898
420	0.2268	0.0377663	0.672753	0.234743
421	0.22734	0.0332145	0.669123	0.231505
422	0.22788	0.0286077	0.665429	0.228184
423	0.22842	0.0239473	0.661673	0.224781
424	0.22896	0.0192344	0.657853	0.221297
425	0.2295	0.0144704	0.653972	0.217734
426	0.23004	0.00965659	0.650029	0.214091
427	0.23058	0.00479433	0.646026	0.21037
428	0.23112	-0.00011499	0.641963	0.206572
429	0.23166	-0.00506996	0.63784	0.202698
430	0.2322	-0.0100691	0.633659	0.198749
431	0.23274	-0.015111	0.629421	0.194726
432	0.23328	-0.0201941	0.625125	0.19063
433	0.23382	-0.0253169	0.620774	0.186462
434	0.23436	-0.0304779	0.616367	0.182224
435	0.2349	-0.0356754	0.611905	0.177916
436	0.23544	-0.0409079	0.607389	0.173541
437	0.23598	-0.0461737	0.60282	0.169099
438	0.23652	-0.0514712	0.598199	0.164591
439	0.23706	-0.0567987	0.593527	0.16002
440	0.2376	-0.0621545	0.588803	0.155386
441	0.23814	-0.0675368	0.58403	0.15069
442	0.23868	-0.072944	0.579208	0.145935
443	0.23922	-0.0783743	0.574338	0.141122
444	0.23976	-0.0838259	0.569421	0.136252
445	0.2403	-0.0892969	0.564457	0.131327
446	0.24084	-0.0947857	0.559448	0.126348
447	0.24138	-0.10029	0.554394	0.121318
448	0.24192	-0.105809	0.549297	0.116237
449	0.24246	-0.11134	0.544156	0.111107
450	0.243	-0.116881	0.538974	0.10593
451	0.24354	-0.12243	0.533751	0.100708
452	0.24408	-0.127986	0.528488	0.0954423
453	0.24462	-0.133546	0.523185	0.0901346
454	0.24516	-0.139109	0.517845	0.0847869
455	0.2457	-0.144673	0.512467	0.0794008
456	0.24624	-0.150235	0.507053	0.0739782
457	0.24678	-0.155794	0.501603	0.0685209
458	0.24732	-0.161348	0.496119	0.0630308
459	0.24786	-0.166895	0.490602	0.0575097
460	0.2484	-0.172433	0.485052	0.0519596
461	0.24894	-0.177959	0.479471	0.0463822
462	0.24948	-0.183473	0.473859	0.0407796
463	0.25002	-0.188971	0.468217	0.0351536
464	0.25056	-0.194453	0.462547	0.0295063
465	0.2511	-0.199915	0.45685	0.0238395
466	0.25164	-0.205357	0.451126	0.0181552
467	0.25218	-0.210775	0.445376	0.0124554
468	0.25272	-0.216169	0.439602	0.00674211
469	0.25326	-0.221535	0.433805	0.00101729
470	0.2538	-0.226873	0.427984	-0.00471707
471	0.25434	-0.23218	0.422142	-0.0104589
472	0.25488	-0.237454	0.41628	-0.0162063
473	0.25542	-0.242694	0.410398	-0.0219571
474	0.25596	-0.247896	0.404497	-0.0277094
475	0.2565	-0.25306	0.398579	-0.033461
476	0.25704	-0.258184	0.392645	-0.0392101
477	0.25758	-0.263265	0.386695	-0.0449545
478	0.25812	-0.268302	0.38073	-0.0506923
479	0.25866	-0.273292	0.374752	-0.0564214
480	0.2592	-0.278235	0.368761	-0.0621397
481	0.25974	-0.283127	0.362759	-0.0678452
482	0.26028	-0.287968	0.356747	-0.073536
483	0.26082	-0.292755	0.350724	-0.07921
484	0.26136	-0.297487	0.344694	-0.0848651
485	0.2619	-0.302161	0.338656	-0.0904995
486	0.26244	-0.306777	0.332612	-0.096111
487	0.26298	-0.311332	0.326562	-0.101698
488	0.26352	-0.315825	0.320507	-0.107258
489	0.26406	-0.320253	0.31445	-0.112789
490	0.2646	-0.324616	0.308389	-0.118289
491	0.26514	-0.328912	0.302328	-0.123757
492	0.26568	-0.333138	0.296265	-0.129191
493	0.26622	-0.337294	0.290203	-0.134587
494	0.26676	-0.341378	0.284143	-0.139946
495	0.2673	-0.345388	0.278085	-0.145264
496	0.26784	-0.349323	0.272031	-0.15054
497	0.26838	-0.353181	0.265981	-0.155772
498	0.26892	-0.356961	0.259936	-0.160958
499	0.26946	-0.360661	0.253897	-0.166096
500	0.27	-0.364281	0.247866	-0.171186
501	0.27054	-0.367818	0.241843	-0.176223
502	0.27108	-0.371272	0.235829	-0.181208
503	0.27162	-0.374641	0.229824	-0.186139
504	0.27216	-0.377923	0.223831	-0.191013
505	0.2727	-0.381119	0.21785	-0.195829
506	0.27324	-0.384225	0.211882	-0.200585
507	0.27378	-0.387242	0.205927	-0.20528
508	0.27432	-0.390169	0.199987	-0.209912
509	0.27486	-0.393003	0.194062	-0.21448
510	0.2754	-0.395744	0.188154	-0.218981
511	0.27594	-0.398392	0.182262	-0.223416
512	0.27648	-0.400945	0.176389	-0.227781
513	0.27702	-0.403402	0.170535	-0.232076
514	0.27756	-0.405762	0.164701	-0.236299
515	0.2781	-0.408025	0.158887	-0.240449
516	0.27864	-0.410189	0.153095	-0.244524
517	0.27918	-0.412255	0.147325	-0.248523
518	0.27972	-0.414221	0.141578	-0.252446
519	0.28026	-0.416086	0.135855	-0.25629
520	0.2808	-0.417851	0.130157	-0.260054
521	0.28134	-0.419513	0.124484	-0.263738
522	0.28188	-0.421074	0.118838	-0.267339
523	0.28242	-0.422532	0.113218	-0.270858
524	0.28296	-0.423887	0.107627	-0.274293
525	0.2835	-0.425138	0.102064	-0.277642
526	0.28404	-0.426286	0.0965298	-0.280906
527	0.28458	-0.427329	0.091026	-0.284083
528	0.28512	-0.428268	0.0855529	-0.287171
529	0.28566	-0.429102	0.0801111	-0.290171
530	0.2862	-0.429832	0.0747015	-0.293082
531	0.28674	-0.430456	0.0693247	-0.295902
532	0.28728	-0.430975	0.0639813	-0.29863
533	0.28782	-0.431389	0.058672	-0.301267
534	0.28836	-0.431698	0.0533975	-0.303812
535	0.2889	-0.431901	0.0481583	-0.306263
536	0.28944	-0.432	0.0429552	-0.308621
537	0.28998	-0.431993	0.0377887	-0.310884
538	0.29052	-0.431882	0.0326594	-0.313053
539	0.29106	-0.431666	0.0275679	-0.315127
540	0.2916	-0.431345	0.0225148	-0.317105
541	0.29214	-0.430921	0.0175006	-0.318987
542	0.29268	-0.430393	0.0125259	-0.320772
543	0.29322	-0.429762	0.00759122	-0.322462
544	0.29376	-0.429027	0.0026971	-0.324054
545	0.2943	-0.428191	-0.00215595	-0.325549
546	0.29484	-0.427252	-0.00696745	-0.326948
547	0.29538	-0.426212	-0.0117369	-0.328249
548	0.29592	-0.425072	-0.0164638	-0.329452
549	0.29646	-0.423831	-0.0211478	-0.330559
550	0.297	-0.422491	-0.0257883	-0.331567
551	0.29754	-0.421052	-0.030385	-0.332479
552	0.29808	-0.419515	-0.0349374	-0.333294
553	0.29862	-0.417881	-0.0394451	-0.334011
554	0.29916	-0.41615	-0.0439077	-0.334632
555	0.2997	-0.414325	-0.0483249	-0.335155
556	0.30024	-0.412404	-0.0526962	-0.335583
557	0.30078	-0.41039	-0.0570213	-0.335914
558	0.30132	-0.408284	-0.0612999	-0.33615
559	0.30186	-0.406086	-0.0655317	-0.336291
560	0.3024	-0.403798	-0.0697162	-0.336336
561	0.30294	-0.40142	-0.0738533	-0.336287
562	0.30348	-0.398954	-0.0779427	-0.336145
563	0.30402	-0.3964	-0.081984	-0.335909
564	0.30456	-0.393761	-0.085977	-0.33558
565	0.3051	-0.391038	-0.0899214	-0.335159
566	0.30564	-0.388231	-0.0938171	-0.334646
567	0.30618	-0.385341	-0.0976638	-0.334043
568	0.30672	-0.382372	-0.101461	-0.33335
569	0.30726	-0.379322	-0.105209	-0.332567
570	0.3078	-0.376195	-0.108908	-0.331696
571	0.30834	-0.372991	-0.112556	-0.330737
572	0.30888	-0.369712	-0.116155	-0.329692
573	0.30942	-0.366359	-0.119704	-0.328561
574	0.30996	-0.362935	-0.123203	-0.327345
575	0.3105	-0.359439	-0.126651	-0.326045
576	0.31104	-0.355874	-0.130049	-0.324662
577	0.31158	-0.352242	-0.133396	-0.323197
578	0.31212	-0.348544	-0.136693	-0.321651
579	0.31266	-0.344782	-0.139939	-0.320026
580	0.3132	-0.340957	-0.143134	-0.318323
581	0.31374	-0.337071	-0.146279	-0.316542
582	0.31428	-0.333125	-0.149373	-0.314684
583	0.31482	-0.329122	-0.152416	-0.312752
584	0.31536	-0.325063	-0.155408	-0.310746
585	0.3159	-0.320949	-0.15835	-0.308668
586	0.31644	-0.316783	-0.161241	-0.306519
587	0.31698	-0.312567	-0.164081	-0.3043
588	0.31752	-0.308301	-0.16687	-0.302012
589	0.31806	-0.303988	-0.169609	-0.299657
590	0.3186	-0.29963	-0.172298	-0.297237
591	0.31914	-0.295228	-0.174935	-0.294752
592	0.31968	-0.290784	-0.177523	-0.292205
593	0.32022	-0.286301	-0.18006	-0.289596
594	0.32076	-0.281779	-0.182547	-0.286927
595	0.3213	-0.277221	-0.184984	-0.2842
596	0.32184	-0.272628	-0.187371	-0.281416
597	0.32238	-0.268003	-0.189709	-0.278577
598	0.32292	-0.263347	-0.191997	-0.275683
599	0.32346	-0.258663	-0.194235	-0.272738
600	0.324	-0.253951	-0.196424	-0.269741
601	0.32454	-0.249214	-0.198564	-0.266696
602	0.32508	-0.244453	-0.200656	-0.263603
603	0.32562	-0.239671	-0.202698	-0.260464
604	0.32616	-0.23487	-0.204693	-0.25728
605	0.3267	-0.230051	-0.206639	-0.254054
606	0.32724	-0.225215	-0.208537	-0.250787
607	0.32778	-0.220366	-0.210387	-0.24748
608	0.32832	-0.215505	-0.21219	-0.244136
609	0.32886	-0.210633	-0.213946	-0.240756
610	0.3294	-0.205752	-0.215655	-0.237341
611	0.32994	-0.200865	-0.217317	-0.233893
612	0.33048	-0.195973	-0.218933	-0.230414
613	0.33102	-0.191077	-0.220503	-0.226906
614	0.33156	-0.186181	-0.222028	-0.223369
615	0.3321	-0.181284	-0.223506	-0.219807
616	0.33264	-0.17639	-0.22494	-0.21622
617	0.33318	-0.1715	-0.226329	-0.212611
618	0.33372	-0.166616	-0.227674	-0.20898
619	0.33426	-0.161739	-0.228975	-0.20533
620	0.3348	-0.156871	-0.230231	-0.201662
621	0.33534	-0.152013	-0.231445	-0.197977
622	0.33588	-0.147169	-0.232616	-0.194279
623	0.33642	-0.142338	-0.233744	-0.190567
624	0.33696	-0.137523	-0.234829	-0.186845
625	0.3375	-0.132726	-0.235873	-0.183112
626	0.33804	-0.127947	-0.236876	-0.179372
627	0.33858	-0.123189	-0.237837	-0.175626
628	0.33912	-0.118454	-0.238758	-0.171874
629	0.33966	-0.113742	-0.239639	-0.16812
630	0.3402	-0.109055	-0.240479	-0.164364
631	0.34074	-0.104395	-0.241281	-0.160608
632	0.34128	-0.0997624	-0.242043	-0.156854
633	0.34182	-0.0951599	-0.242767	-0.153103
634	0.34236	-0.0905884	-0.243452	-0.149356
635	0.3429	-0.0860493	-0.2441	-0.145616
636	0.34344	-0.0815439	-0.244711	-0.141883
637	0.34398	-0.0770736	-0.245285	-0.138159
638	0.34452	-0.0726397	-0.245822	-0.134446
639	0.34506	-0.0682435	-0.246324	-0.130746
640	0.3456	-0.0638862	-0.24679	-0.127058
641	0.34614	-0.0595691	-0.247221	-0.123386
642	0.34668	-0.0552934	-0.247618	-0.11973
643	0.34722	-0.0510602	-0.24798	-0.116091
644	0.34776	-0.0468707	-0.248309	-0.112472
645	0.3483	-0.042726	-0.248605	-0.108873
646	0.34884	-0.0386272	-0.248867	-0.105296
647	0.34938	-0.0345752	-0.249098	-0.101742
648	0.34992	-0.0305713	-0.249297	-0.0982119
649	0.35046	-0.0266162	-0.249464	-0.0947075
650	0.351	-0.022711	-0.249601	-0.0912298
651	0.35154	-0.0188567	-0.249707	-0.0877801
652	0.35208	-0.015054	-0.249784	-0.0843594
653	0.35262	-0.0113039	-0.24983	-0.0809691
654	0.35316	-0.00760723	-0.249848	-0.0776101
655	0.3537	-0.0039647	-0.249838	-0.0742837
656	0.35424	-0.000377126	-0.249799	-0.0709908
657	0.35478	0.00315478	-0.249733	-0.0677326
658	0.35532	0.00663031	-0.249639	-0.06451
659	0.35586	0.0100488	-0.249519	-0.061324
660	0.3564	0.0134096	-0.249373	-0.0581757
661	0.35694	0.0167122	-0.249201	-0.0550659
662	0.35748	0.0199559	-0.249004	-0.0519957
663	0.35802	0.0231402	-0.248782	-0.0489658
664	0.35856	0.0262647	-0.248535	-0.0459772
665	0.3591	0.0293289	-0.248265	-0.0430306
666	0.35964	0.0323323	-0.247971	-0.040127
667	0.36018	0.0352745	-0.247655	-0.037267
668	0.36072	0.0381552	-0.247315	-0.0344514
669	0.36126	0.040974	-0.246954	-0.031681
670	0.3618	0.0437307	-0.246571	-0.0289564
671	0.36234	0.0464249	-0.246167	-0.0262783
672	0.36288	0.0490564	-0.245741	-0.0236474
673	0.36342	0.051625	-0.245296	-0.0210643
674	0.36396	0.0541306	-0.24483	-0.0185294
675	0.3645	0.0565729	-0.244346	-0.0160435
676	0.36504	0.0589519	-0.243841	-0.013607
677	0.36558	0.0612675	-0.243319	-0.0112204
678	0.36612	0.0635197	-0.242778	-0.00888419
679	0.36666	0.0657084	-0.242219	-0.0065988
680	0.3672	0.0678336	-0.241642	-0.00436465
681	0.36774	0.0698953	-0.241048	-0.00218211
682	0.36828	0.0718938	-0.240438	-5.15487e-005
683	0.36882	0.0738289	-0.239811	0.00202671
684	0.36936	0.0757009	-0.239169	0.00405237
685	0.3699	0.07751	-0.238511	0.00602515
686	0.37044	0.0792562	-0.237837	0.00794482
687	0.37098	0.0809398	-0.237149	0.00981115
688	0.37152	0.0825611	-0.236446	0.011624
689	0.37206	0.0841203	-0.235729	0.0133831
690	0.3726	0.0856177	-0.234998	0.0150884
691	0.37314	0.0870536	-0.234254	0.0167397
692	0.37368	0.0884283	-0.233497	0.018337
693	0.37422	0.0897423	-0.232726	0.0198803
694	0.37476	0.0909959	-0.231943	0.0213694
695	0.3753	0.0921895	-0.231148	0.0228044
696	0.37584	0.0933235	-0.230341	0.0241853
697	0.37638	0.0943985	-0.229523	0.0255122
698	0.37692	0.0954149	-0.228693	0.026785
699	0.37746	0.0963731	-0.227852	0.028004
700	0.378	0.0972738	-0.227	0.0291691
701	0.37854	0.0981175	-0.226137	0.0302806
702	0.37908	0.0989047	-0.225264	0.0313386
703	0.37962	0.099636	-0.224382	0.0323433
704	0.38016	0.100312	-0.223489	0.0332949
705	0.3807	0.100933	-0.222587	0.0341936
706	0.38124	0.101501	-0.221675	0.0350397
707	0.38178	0.102015	-0.220755	0.0358334
708	0.38232	0.102476	-0.219825	0.036575
709	0.38286	0.102885	-0.218887	0.0372648
710	0.3834	0.103243	-0.21794	0.0379033
711	0.38394	0.103551	-0.216984	0.0384906
712	0.38448	0.103808	-0.216021	0.0390272
713	0.38502	0.104017	-0.215049	0.0395134
714	0.38556	0.104177	-0.21407	0.0399498
715	0.3861	0.104289	-0.213083	0.0403366
716	0.38664	0.104355	-0.212088	0.0406743
717	0.38718	0.104375	-0.211086	0.0409634
718	0.38772	0.10435	-0.210076	0.0412044
719	0.38826	0.10428	-0.209059	0.0413977
720	0.3888	0.104166	-0.208036	0.0415438
721	0.38934	0.10401	-0.207005	0.0416433
722	0.38988	0.103812	-0.205967	0.0416966
723	0.39042	0.103573	-0.204922	0.0417044
724	0.39096	0.103294	-0.203871	0.0416672
725	0.3915	0.102976	-0.202812	0.0415855
726	0.39204	0.102619	-0.201748	0.0414599
727	0.39258	0.102224	-0.200676	0.041291
728	0.39312	0.101793	-0.199598	0.0410795
729	0.39366	0.101326	-0.198513	0.0408259
730	0.3942	0.100824	-0.197422	0.0405309
731	0.39474	0.100288	-0.196324	0.0401951
732	0.39528	0.099719	-0.19522	0.0398191
733	0.39582	0.0991175	-0.194109	0.0394036
734	0.39636	0.0984847	-0.192992	0.0389493
735	0.3969	0.0978214	-0.191867	0.0384568
736	0.39744	0.0971285	-0.190737	0.0379268
737	0.39798	0.0964069	-0.1896	0.0373601
738	0.39852	0.0956574	-0.188456	0.0367571
739	0.39906	0.0948811	-0.187305	0.0361188
740	0.3996	0.0940787	-0.186147	0.0354458
741	0.40014	0.0932512	-0.184983	0.0347387
742	0.40068	0.0923994	-0.183811	0.0339984
743	0.40122	0.0915242	-0.182632	0.0332254
744	0.40176	0.0906265	-0.181447	0.0324206
745	0.4023	0.0897072	-0.180253	0.0315847
746	0.40284	0.088767	-0.179053	0.0307184
747	0.40338	0.087807	-0.177845	0.0298224
748	0.40392	0.0868279	-0.176629	0.0288974
749	0.40446	0.0858306	-0.175406	0.0279442
750	0.405	0.084816	-0.174175	0.0269636
751	0.40554	0.0837848	-0.172935	0.0259562
752	0.40608	0.0827379	-0.171687	0.0249228
753	0.40662	0.0816761	-0.170431	0.0238642
754	0.40716	0.0806003	-0.169167	0.022781
755	0.4077	0.0795112	-0.167893	0.0216741
756	0.40824	0.0784097	-0.166611	0.0205441
757	0.40878	0.0772965	-0.165319	0.0193918
758	0.40932	0.0761724	-0.164019	0.0182179
759	0.40986	0.0750382	-0.162708	0.0170232
760	0.4104	0.0738947	-0.161388	0.0158084
761	0.41094	0.0727426	-0.160058	0.0145742
762	0.41148	0.0715826	-0.158718	0.0133213
763	0.41202	0.0704155	-0.157367	0.0120505
764	0.41256	0.0692419	-0.156006	0.0107626
765	0.4131	0.0680627	-0.154634	0.00945809
766	0.41364	0.0668785	-0.15325	0.00813785
767	0.41418	0.06569	-0.151855	0.00680256
768	0.41472	0.0644978	-0.150449	0.00545291
769	0.41526	0.0633027	-0.149031	0.00408961
770	0.4158	0.0621053	-0.1476	0.00271337
771	0.41634	0.0609062	-0.146157	0.00132488
772	0.41688	0.0597061	-0.144702	-7.5184e-005
773	0.41742	0.0585056	-0.143233	-0.00148612
774	0.41796	0.0573053	-0.141751	-0.00290726
775	0.4185	0.0561057	-0.140256	-0.00433792
776	0.41904	0.0549076	-0.138747	-0.00577743
777	0.41958	0.0537113	-0.137223	-0.00722514
778	0.42012	0.0525176	-0.135685	-0.00868037
779	0.42066	0.0513269	-0.134133	-0.0101425
780	0.4212	0.0501398	-0.132565	-0.0116108
781	0.42174	0.0489568	-0.130982	-0.0130848
782	0.42228	0.0477784	-0.129383	-0.0145637
783	0.42282	0.0466052	-0.127769	-0.0160469
784	0.42336	0.0454375	-0.126138	-0.0175338
785	0.4239	0.0442759	-0.12449	-0.0190238
786	0.42444	0.0431208	-0.122825	-0.0205163
787	0.42498	0.0419727	-0.121144	-0.0220107
788	0.42552	0.040832	-0.119444	-0.0235063
789	0.42606	0.0396992	-0.117727	-0.0250026
790	0.4266	0.0385746	-0.115992	-0.026499
791	0.42714	0.0374587	-0.114238	-0.027995
792	0.42768	0.0363518	-0.112465	-0.0294899
793	0.42822	0.0352543	-0.110673	-0.0309831
794	0.42876	0.0341667	-0.108861	-0.0324742
795	0.4293	0.0330891	-0.10703	-0.0339626
796	0.42984	0.0320221	-0.105178	-0.0354477
797	0.43038	0.0309659	-0.103306	-0.036929
798	0.43092	0.0299208	-0.101413	-0.0384059
799	0.43146	0.0288872	-0.099499	-0.0398779
800	0.432	0.0278654	-0.0975634	-0.0413446
801	0.43254	0.0268556	-0.095606	-0.0428053
802	0.43308	0.0258581	-0.0936265	-0.0442596
803	0.43362	0.0248733	-0.0916245	-0.045707
804	0.43416	0.0239013	-0.0895997	-0.0471469
805	0.4347	0.0229425	-0.0875519	-0.048579
806	0.43524	0.021997	-0.0854806	-0.0500026
807	0.43578	0.0210651	-0.0833856	-0.0514173
808	0.43632	0.020147	-0.0812666	-0.0528227
809	0.43686	0.019243	-0.0791232	-0.0542182
810	0.4374	0.0183532	-0.0769552	-0.0556035
811	0.43794	0.0174779	-0.0747622	-0.056978
812	0.43848	0.0166172	-0.072544	-0.0583412
813	0.43902	0.0157713	-0.0703002	-0.0596928
814	0.43956	0.0149405	-0.0680306	-0.0610323
815	0.4401	0.0141248	-0.0657348	-0.0623593
816	0.44064	0.0133245	-0.0634127	-0.0636733
817	0.44118	0.0125396	-0.0610638	-0.0649738
818	0.44172	0.0117704	-0.0586879	-0.0662605
819	0.44226	0.011017	-0.0562848	-0.067533
820	0.4428	0.0102795	-0.0538542	-0.0687908
821	0.44334	0.0095581	-0.0513958	-0.0700334
822	0.44388	0.00885286	-0.0489093	-0.0712606
823	0.44442	0.00816392	-0.0463946	-0.0724719
824	0.44496	0.00749142	-0.0438513	-0.0736668
825	0.4455	0.00683544	-0.0412792	-0.074845
826	0.44604	0.00619611	-0.0386782	-0.0760061
827	0.44658	0.00557353	-0.0360479	-0.0771497
828	0.44712	0.0049678	-0.0333881	-0.0782754
829	0.44766	0.004379	-0.0306987	-0.0793828
830	0.4482	0.00380724	-0.0279793	-0.0804715
831	0.44874	0.0032526	-0.0252299	-0.0815412
832	0.44928	0.00271517	-0.0224502	-0.0825915
833	0.44982	0.00219502	-0.01964	-0.0836219
834	0.45036	0.00169225	-0.0167991	-0.0846321
835	0.4509	0.00120693	-0.0139275	-0.0856218
836	0.45144	0.000739132	-0.0110248	-0.0865906
837	0.45198	0.000288932	-0.00809096	-0.0875381
838	0.45252	-0.000143599	-0.00512582	-0.0884639
839	0.45306	-0.00055839	-0.00212923	-0.0893676
840	0.4536	-0.000955373	0.000898945	-0.090249
841	0.45414	-0.00133448	0.00395883	-0.0911076
842	0.45468	-0.00169564	0.00705053	-0.0919431
843	0.45522	-0.00203879	0.0101742	-0.0927552
844	0.45576	-0.00236387	0.0133298	-0.0935434
845	0.4563	-0.00267081	0.0165176	-0.0943074
846	0.45684	-0.00295955	0.0197377	-0.0950469
847	0.45738	-0.00323002	0.0229899	-0.0957615
848	0.45792	-0.00348216	0.0262746	-0.0964508
849	0.45846	-0.0037159	0.0295916	-0.0971146
850	0.459	-0.00393118	0.0329411	-0.0977524
851	0.45954	-0.00412794	0.036323	-0.0983639
852	0.46008	-0.00430612	0.0397374	-0.0989488
853	0.46062	-0.00446563	0.0431844	-0.0995067
854	0.46116	-0.00460643	0.0466638	-0.100037
855	0.4617	-0.00472844	0.0501758	-0.10054
856	0.46224	-0.0048316	0.0537203	-0.101015
857	0.46278	-0.00491584	0.0572972	-0.101462
858	0.46332	-0.00498109	0.0609066	-0.101879
859	0.46386	-0.00502727	0.0645483	-0.102268
860	0.4644	-0.00505433	0.0682224	-0.102628
861	0.46494	-0.00506218	0.0719287	-0.102957
862	0.46548	-0.00505076	0.0756672	-0.103257
863	0.46602	-0.00501999	0.0794377	-0.103526
864	0.46656	-0.00496979	0.0832403	-0.103765
865	0.4671	-0.0049001	0.0870747	-0.103972
866	0.46764	-0.00481084	0.0909409	-0.104148
867	0.46818	-0.00470192	0.0948386	-0.104293
868	0.46872	-0.00457327	0.0987679	-0.104405
869	0.46926	-0.00442481	0.102728	-0.104485
870	0.4698	-0.00425646	0.10672	-0.104533
871	0.47034	-0.00406814	0.110743	-0.104547
872	0.47088	-0.00385977	0.114796	-0.104528
873	0.47142	-0.00363126	0.11888	-0.104475
874	0.47196	-0.00338254	0.122994	-0.104389
875	0.4725	-0.00311352	0.127139	-0.104268
876	0.47304	-0.00282412	0.131313	-0.104113
877	0.47358	-0.00251426	0.135517	-0.103922
878	0.47412	-0.00218385	0.13975	-0.103697
879	0.47466	-0.00183281	0.144012	-0.103436
880	0.4752	-0.00146105	0.148304	-0.10314
881	0.47574	-0.0010685	0.152623	-0.102807
882	0.47628	-0.000655076	0.156971	-0.102438
883	0.47682	-0.000220692	0.161347	-0.102032
884	0.47736	0.000234729	0.16575	-0.10159
885	0.4779	0.000711268	0.17018	-0.10111
886	0.47844	0.001209	0.174638	-0.100593
887	0.47898	0.001728	0.179122	-0.100038
888	0.47952	0.00226835	0.183631	-0.0994451
889	0.48006	0.00283011	0.188167	-0.098814
890	0.4806	0.00341337	0.192728	-0.0981445
891	0.48114	0.00401817	0.197314	-0.0974363
892	0.48168	0.0046446	0.201924	-0.0966892
893	0.48222	0.00529271	0.206559	-0.0959029
894	0.48276	0.00596257	0.211216	-0.0950772
895	0.4833	0.00665422	0.215898	-0.094212
896	0.48384	0.00736773	0.220601	-0.0933069
897	0.48438	0.00810313	0.225327	-0.0923618
898	0.48492	0.00886048	0.230075	-0.0913766
899	0.48546	0.00963982	0.234844	-0.0903509
900	0.486	0.0104412	0.239633	-0.0892848
901	0.48654	0.0112646	0.244443	-0.0881779
902	0.48708	0.0121101	0.249272	-0.0870301
903	0.48762	0.0129776	0.25412	-0.0858414
904	0.48816	0.0138673	0.258987	-0.0846115
905	0.4887	0.0147791	0.263872	-0.0833404
906	0.48924	0.0157131	0.268774	-0.0820279
907	0.48978	0.0166691	0.273693	-0.0806739
908	0.49032	0.0176473	0.278628	-0.0792784
909	0.49086	0.0186475	0.283579	-0.0778412
910	0.4914	0.0196698	0.288544	-0.0763623
911	0.49194	0.0207141	0.293524	-0.0748416
912	0.49248	0.0217804	0.298518	-0.0732791
913	0.49302	0.0228687	0.303525	-0.0716747
914	0.49356	0.0239788	0.308544	-0.0700285
915	0.4941	0.0251107	0.313574	-0.0683404
916	0.49464	0.0262643	0.318616	-0.0666105
917	0.49518	0.0274396	0.323669	-0.0648387
918	0.49572	0.0286364	0.32873	-0.0630251
919	0.49626	0.0298547	0.333801	-0.0611698
920	0.4968	0.0310943	0.33888	-0.0592727
921	0.49734	0.032355	0.343967	-0.0573341
922	0.49788	0.0336368	0.34906	-0.055354
923	0.49842	0.0349395	0.35416	-0.0533325
924	0.49896	0.036263	0.359264	-0.0512698
925	0.4995	0.037607	0.364374	-0.0491659
926	0.50004	0.0389714	0.369487	-0.0470211
927	0.50058	0.0403559	0.374603	-0.0448355
928	0.50112	0.0417605	0.379722	-0.0426093
929	0.50166	0.0431847	0.384842	-0.0403428
930	0.5022	0.0446285	0.389962	-0.0380362
931	0.50274	0.0460916	0.395083	-0.0356897
932	0.50328	0.0475736	0.400202	-0.0333036
933	0.50382	0.0490743	0.40532	-0.0308781
934	0.50436	0.0505935	0.410436	-0.0284137
935	0.5049	0.0521308	0.415548	-0.0259105
936	0.50544	0.0536859	0.420656	-0.023369
937	0.50598	0.0552585	0.425759	-0.0207895
938	0.50652	0.0568482	0.430856	-0.0181724
939	0.50706	0.0584546	0.435947	-0.0155181
940	0.5076	0.0600775	0.441029	-0.012827
941	0.50814	0.0617163	0.446104	-0.0100995
942	0.50868	0.0633707	0.451169	-0.0073362
943	0.50922	0.0650402	0.456225	-0.00453746
944	0.50976	0.0667245	0.461269	-0.00170381
945	0.5103	0.068423	0.466301	0.00116422
946	0.51084	0.0701353	0.471321	0.00406609
947	0.51138	0.0718609	0.476328	0.00700125
948	0.51192	0.0735993	0.481319	0.0099691
949	0.51246	0.0753499	0.486296	0.0129691
950	0.513	0.0771124	0.491256	0.0160005
951	0.51354	0.078886	0.496199	0.0190627
952	0.51408	0.0806702	0.501125	0.0221551
953	0.51462	0.0824645	0.506031	0.025277
954	0.51516	0.0842683	0.510917	0.0284277
955	0.5157	0.0860809	0.515783	0.0316064
956	0.51624	0.0879017	0.520628	0.0348124
957	0.51678	0.08973	0.52545	0.0380449
958	0.51732	0.0915653	0.530248	0.0413031
959	0.51786	0.0934067	0.535023	0.0445862
960	0.5184	0.0952537	0.539772	0.0478935
961	0.51894	0.0971055	0.544495	0.051224
962	0.51948	0.0989614	0.549191	0.0545768
963	0.52002	0.100821	0.55386	0.0579511
964	0.52056	0.102683	0.5585	0.061346
965	0.5211	0.104546	0.56311	0.0647605
966	0.52164	0.106411	0.567689	0.0681937
967	0.52218	0.108276	0.572238	0.0716446
968	0.52272	0.11014	0.576754	0.0751122
969	0.52326	0.112003	0.581237	0.0785955
970	0.5238	0.113864	0.585685	0.0820934
971	0.52434	0.115722	0.590099	0.085605
972	0.52488	0.117575	0.594477	0.0891292
973	0.52542	0.119424	0.598818	0.0926648
974	0.52596	0.121267	0.603122	0.0962108
975	0.5265	0.123104	0.607387	0.0997661
976	0.52704	0.124932	0.611613	0.103329
977	0.52758	0.126753	0.615799	0.1069
978	0.52812	0.128564	0.619944	0.110476
979	0.52866	0.130364	0.624047	0.114057
980	0.5292	0.132153	0.628107	0.117641
981	0.52974	0.13393	0.632124	0.121227
982	0.53028	0.135693	0.636096	0.124815
983	0.53082	0.137442	0.640023	0.128402
984	0.53136	0.139176	0.643903	0.131987
985	0.5319	0.140893	0.647737	0.13557
986	0.53244	0.142593	0.651524	0.139148
987	0.53298	0.144274	0.655261	0.142721
988	0.53352	0.145936	0.65895	0.146288
989	0.53406	0.147577	0.662588	0.149846
990	0.5346	0.149197	0.666175	0.153395
991	0.53514	0.150794	0.669711	0.156934
992	0.53568	0.152367	0.673194	0.16046
993	0.53622	0.153916	0.676624	0.163972
994	0.53676	0.155438	0.68	0.16747
995	0.5373	0.156934	0.683321	0.170952
996	0.53784	0.158402	0.686587	0.174416
997	0.53838	0.15984	0.689796	0.177861
998	0.53892	0.161249	0.692949	0.181286
999	0.53946	0.162625	0.696044	0.184689
1000	0.54	0.16397	0.69908	0.188069
1001	0.54054	0.165281	0.702058	0.191424
1002	0.54108	0.166557	0.704976	0.194753
1003	0.54162	0.167798	0.707833	0.198054
1004	0.54216	0.169002	0.710629	0.201327
1005	0.5427	0.170168	0.713364	0.204569
1006	0.54324	0.171295	0.716036	0.207779
1007	0.54378	0.172382	0.718645	0.210956
1008	0.54432	0.173428	0.721191	0.214099
1009	0.54486	0.174432	0.723672	0.217205
1010	0.5454	0.175392	0.726089	0.220274
1011	0.54594	0.176308	0.72844	0.223304
1012	0.54648	0.177178	0.730725	0.226294
1013	0.54702	0.178002	0.732943	0.229241
1014	0.54756	0.178779	0.735095	0.232146
1015	0.5481	0.179507	0.737178	0.235006
1016	0.54864	0.180185	0.739194	0.23782
1017	0.54918	0.180813	0.741141	0.240586
1018	0.54972	0.181389	0.743019	0.243303
1019	0.55026	0.181913	0.744827	0.245971
1020	0.5508	0.182382	0.746564	0.248586
1021	0.55134	0.182798	0.748232	0.251149
1022	0.55188	0.183158	0.749828	0.253657
1023	0.55242	0.183461	0.751352	0.25611
1024	0.55296	0.183707	0.752805	0.258506
1025	0.5535	0.183894	0.754186	0.260843
1026	0.55404	0.184023	0.755493	0.263121
1027	0.55458	0.184091	0.756728	0.265337
1028	0.55512	0.184098	0.757889	0.267492
1029	0.55566	0.184043	0.758976	0.269583
1030	0.5562	0.183926	0.759989	0.271609
1031	0.55674	0.183745	0.760928	0.273569
1032	0.55728	0.1835	0.761792	0.275463
1033	0.55782	0.18319	0.762581	0.277287
1034	0.55836	0.182814	0.763294	0.279043
1035	0.5589	0.182372	0.763932	0.280727
1036	0.55944	0.181862	0.764494	0.28234
1037	0.55998	0.181285	0.76498	0.28388
1038	0.56052	0.180639	0.76539	0.285346
1039	0.56106	0.179924	0.765723	0.286737
1040	0.5616	0.179139	0.765979	0.288051
1041	0.56214	0.178283	0.766159	0.289289
1042	0.56268	0.177357	0.766262	0.290448
1043	0.56322	0.176359	0.766287	0.291529
1044	0.56376	0.17529	0.766235	0.292529
1045	0.5643	0.174147	0.766106	0.293448
1046	0.56484	0.172932	0.765899	0.294286
1047	0.56538	0.171644	0.765615	0.295041
1048	0.56592	0.170282	0.765253	0.295712
1049	0.56646	0.168845	0.764814	0.296299
1050	0.567	0.167335	0.764297	0.296801
1051	0.56754	0.16575	0.763702	0.297217
1052	0.56808	0.164089	0.76303	0.297547
1053	0.56862	0.162354	0.762279	0.297789
1054	0.56916	0.160543	0.761452	0.297944
1055	0.5697	0.158657	0.760546	0.29801
1056	0.57024	0.156694	0.759563	0.297987
1057	0.57078	0.154656	0.758503	0.297875
1058	0.57132	0.152542	0.757366	0.297672
1059	0.57186	0.150353	0.756151	0.297379
1060	0.5724	0.148087	0.754859	0.296995
1061	0.57294	0.145745	0.75349	0.29652
1062	0.57348	0.143327	0.752045	0.295953
1063	0.57402	0.140834	0.750523	0.295294
1064	0.57456	0.138265	0.748924	0.294542
1065	0.5751	0.135621	0.74725	0.293698
1066	0.57564	0.132901	0.745499	0.292761
1067	0.57618	0.130106	0.743673	0.291731
1068	0.57672	0.127237	0.741771	0.290608
1069	0.57726	0.124293	0.739795	0.289391
1070	0.5778	0.121275	0.737743	0.288082
1071	0.57834	0.118183	0.735617	0.286678
1072	0.57888	0.115018	0.733416	0.285182
1073	0.57942	0.11178	0.731142	0.283592
1074	0.57996	0.10847	0.728794	0.281909
1075	0.5805	0.105088	0.726373	0.280133
1076	0.58104	0.101635	0.723879	0.278264
1077	0.58158	0.0981109	0.721313	0.276303
1078	0.58212	0.094517	0.718675	0.274249
1079	0.58266	0.0908538	0.715965	0.272103
1080	0.5832	0.087122	0.713184	0.269865
1081	0.58374	0.0833222	0.710333	0.267536
1082	0.58428	0.0794554	0.707411	0.265115
1083	0.58482	0.0755223	0.704419	0.262604
1084	0.58536	0.0715238	0.701359	0.260003
1085	0.5859	0.0674607	0.69823	0.257313
1086	0.58644	0.0633341	0.695032	0.254533
1087	0.58698	0.0591448	0.691767	0.251666
1088	0.58752	0.0548938	0.688435	0.24871
1089	0.58806	0.0505822	0.685037	0.245668
1090	0.5886	0.046211	0.681572	0.242539
1091	0.58914	0.0417814	0.678042	0.239324
1092	0.58968	0.0372944	0.674448	0.236025
1093	0.59022	0.0327513	0.670789	0.232642
1094	0.59076	0.0281532	0.667067	0.229177
1095	0.5913	0.0235013	0.663283	0.225629
1096	0.59184	0.0187969	0.659436	0.222
1097	0.59238	0.0140414	0.655527	0.218291
1098	0.59292	0.00923592	0.651558	0.214502
1099	0.59346	0.00438194	0.647529	0.210636
1100	0.594	-0.000519175	0.643441	0.206693
1101	0.59454	-0.00546602	0.639293	0.202675
1102	0.59508	-0.0104572	0.635088	0.198581
1103	0.59562	-0.0154911	0.630826	0.194415
1104	0.59616	-0.0205664	0.626507	0.190176
1105	0.5967	-0.0256815	0.622133	0.185866
1106	0.59724	-0.0308348	0.617704	0.181487
1107	0.59778	-0.0360248	0.61322	0.17704
1108	0.59832	-0.0412499	0.608684	0.172527
1109	0.59886	-0.0465084	0.604095	0.167947
1110	0.5994	-0.0517987	0.599454	0.163304
1111	0.59994	-0.0571192	0.594762	0.158599
1112	0.60048	-0.062468	0.590021	0.153832
1113	0.60102	-0.0678436	0.58523	0.149007
1114	0.60156	-0.0732441	0.580391	0.144123
1115	0.6021	-0.0786679	0.575504	0.139183
1116	0.60264	-0.0841131	0.570571	0.134189
1117	0.60318	-0.0895779	0.565592	0.129142
1118	0.60372	-0.0950605	0.560568	0.124043
1119	0.60426	-0.100559	0.5555	0.118895
1120	0.6048	-0.106072	0.550389	0.113699
1121	0.60534	-0.111597	0.545236	0.108457
1122	0.60588	-0.117133	0.540042	0.103171
1123	0.60642	-0.122677	0.534808	0.0978419
1124	0.60696	-0.128227	0.529534	0.0924722
1125	0.6075	-0.133783	0.524222	0.0870637
1126	0.60804	-0.139341	0.518872	0.0816181
1127	0.60858	-0.1449	0.513486	0.0761373
1128	0.60912	-0.150457	0.508064	0.0706233
1129	0.60966	-0.156012	0.502607	0.0650778
1130	0.6102	-0.161562	0.497117	0.0595029
1131	0.61074	-0.167105	0.491594	0.0539005
1132	0.61128	-0.172639	0.486039	0.0482725
1133	0.61182	-0.178162	0.480454	0.0426209
1134	0.61236	-0.183672	0.474839	0.0369476
1135	0.6129	-0.189167	0.469195	0.0312547
1136	0.61344	-0.194645	0.463523	0.0255441
1137	0.61398	-0.200105	0.457824	0.0198179
1138	0.61452	-0.205544	0.452099	0.0140781
1139	0.61506	-0.21096	0.44635	0.0083266
1140	0.6156	-0.216351	0.440577	0.00256556
1141	0.61614	-0.221715	0.43478	-0.00320303
1142	0.61668	-0.227051	0.428962	-0.00897713
1143	0.61722	-0.232356	0.423124	-0.0147547
1144	0.61776	-0.237628	0.417265	-0.0205337
1145	0.6183	-0.242866	0.411387	-0.026312
1146	0.61884	-0.248068	0.405492	-0.0320877
1147	0.61938	-0.253231	0.39958	-0.0378587
1148	0.61992	-0.258353	0.393652	-0.0436229
1149	0.62046	-0.263433	0.387709	-0.0493783
1150	0.621	-0.26847	0.381752	-0.0551228
1151	0.62154	-0.27346	0.375783	-0.0608545
1152	0.62208	-0.278402	0.369802	-0.0665712
1153	0.62262	-0.283294	0.363809	-0.072271
1154	0.62316	-0.288135	0.357808	-0.0779518
1155	0.6237	-0.292923	0.351797	-0.0836117
1156	0.62424	-0.297655	0.345779	-0.0892486
1157	0.62478	-0.30233	0.339754	-0.0948606
1158	0.62532	-0.306947	0.333723	-0.100446
1159	0.62586	-0.311503	0.327687	-0.106002
1160	0.6264	-0.315996	0.321647	-0.111527
1161	0.62694	-0.320426	0.315605	-0.117019
1162	0.62748	-0.324791	0.309561	-0.122477
1163	0.62802	-0.329088	0.303516	-0.127898
1164	0.62856	-0.333316	0.297471	-0.133281
1165	0.6291	-0.337474	0.291427	-0.138623
1166	0.62964	-0.34156	0.285385	-0.143923
1167	0.63018	-0.345572	0.279347	-0.149179
1168	0.63072	-0.349509	0.273312	-0.154389
1169	0.63126	-0.35337	0.267282	-0.159552
1170	0.6318	-0.357152	0.261258	-0.164665
1171	0.63234	-0.360856	0.255241	-0.169726
1172	0.63288	-0.364478	0.249232	-0.174735
1173	0.63342	-0.368019	0.243232	-0.179689
1174	0.63396	-0.371475	0.237241	-0.184587
1175	0.6345	-0.374847	0.23126	-0.189427
1176	0.63504	-0.378133	0.225292	-0.194207
1177	0.63558	-0.381332	0.219335	-0.198926
1178	0.63612	-0.384443	0.213392	-0.203583
1179	0.63666	-0.387463	0.207463	-0.208175
1180	0.6372	-0.390393	0.201549	-0.212701
1181	0.63774	-0.393232	0.195651	-0.217161
1182	0.63828	-0.395977	0.18977	-0.221551
1183	0.63882	-0.398629	0.183907	-0.225871
1184	0.63936	-0.401186	0.178062	-0.23012
1185	0.6399	-0.403647	0.172237	-0.234296
1186	0.64044	-0.406012	0.166431	-0.238398
1187	0.64098	-0.408279	0.160647	-0.242425
1188	0.64152	-0.410448	0.154885	-0.246375
1189	0.64206	-0.412518	0.149145	-0.250246
1190	0.6426	-0.414489	0.143429	-0.254039
1191	0.64314	-0.416359	0.137737	-0.257752
1192	0.64368	-0.418128	0.13207	-0.261384
1193	0.64422	-0.419796	0.126429	-0.264933
1194	0.64476	-0.421361	0.120815	-0.268398
1195	0.6453	-0.422824	0.115228	-0.27178
1196	0.64584	-0.424184	0.109669	-0.275076
1197	0.64638	-0.42544	0.104138	-0.278286
1198	0.64692	-0.426593	0.0986378	-0.281409
1199	0.64746	-0.427641	0.0931674	-0.284444
1200	0.648	-0.428585	0.0877279	-0.28739
1201	0.64854	-0.429424	0.0823201	-0.290247
1202	0.64908	-0.430159	0.0769447	-0.293014
1203	0.64962	-0.430788	0.0716022	-0.29569
1204	0.65016	-0.431312	0.0662933	-0.298274
1205	0.6507	-0.431731	0.0610187	-0.300767
1206	0.65124	-0.432045	0.0557791	-0.303167
1207	0.65178	-0.432253	0.0505749	-0.305474
1208	0.65232	-0.432357	0.0454069	-0.307687
1209	0.65286	-0.432355	0.0402757	-0.309807
1210	0.6534	-0.432249	0.0351817	-0.311832
1211	0.65394	-0.432037	0.0301257	-0.313763
1212	0.65448	-0.431722	0.025108	-0.315599
1213	0.65502	-0.431302	0.0201294	-0.317339
1214	0.65556	-0.430779	0.0151903	-0.318985
1215	0.6561	-0.430152	0.0102913	-0.320534
1216	0.65664	-0.429423	0.00543283	-0.321989
1217	0.65718	-0.428591	0.000615413	-0.323347
1218	0.65772	-0.427657	-0.00416047	-0.32461
1219	0.65826	-0.426621	-0.00889434	-0.325776
1220	0.6588	-0.425485	-0.0135857	-0.326848
1221	0.65934	-0.424248	-0.0182342	-0.327823
1222	0.65988	-0.422912	-0.0228394	-0.328703
1223	0.66042	-0.421477	-0.0274008	-0.329488
1224	0.66096	-0.419944	-0.031918	-0.330177
1225	0.6615	-0.418314	-0.0363906	-0.330772
1226	0.66204	-0.416588	-0.0408183	-0.331272
1227	0.66258	-0.414766	-0.0452007	-0.331678
1228	0.66312	-0.412849	-0.0495375	-0.33199
1229	0.66366	-0.410838	-0.0538282	-0.332209
1230	0.6642	-0.408735	-0.0580726	-0.332334
1231	0.66474	-0.406541	-0.0622704	-0.332367
1232	0.66528	-0.404255	-0.0664212	-0.332308
1233	0.66582	-0.40188	-0.0705248	-0.332157
1234	0.66636	-0.399417	-0.074581	-0.331916
1235	0.6669	-0.396867	-0.0785893	-0.331584
1236	0.66744	-0.39423	-0.0825496	-0.331163
1237	0.66798	-0.391509	-0.0864617	-0.330653
1238	0.66852	-0.388704	-0.0903254	-0.330055
1239	0.66906	-0.385817	-0.0941404	-0.329369
1240	0.6696	-0.382849	-0.0979065	-0.328597
1241	0.67014	-0.379802	-0.101624	-0.32774
1242	0.67068	-0.376676	-0.105291	-0.326797
1243	0.67122	-0.373474	-0.10891	-0.325771
1244	0.67176	-0.370196	-0.112479	-0.324662
1245	0.6723	-0.366845	-0.115998	-0.323471
1246	0.67284	-0.363421	-0.119468	-0.322198
1247	0.67338	-0.359926	-0.122888	-0.320846
1248	0.67392	-0.356362	-0.126257	-0.319415
1249	0.67446	-0.352731	-0.129577	-0.317906
1250	0.675	-0.349033	-0.132847	-0.316321
1251	0.67554	-0.345271	-0.136066	-0.31466
1252	0.67608	-0.341446	-0.139236	-0.312925
1253	0.67662	-0.337559	-0.142355	-0.311116
1254	0.67716	-0.333614	-0.145424	-0.309236
1255	0.6777	-0.32961	-0.148443	-0.307285
1256	0.67824	-0.32555	-0.151411	-0.305264
1257	0.67878	-0.321436	-0.15433	-0.303175
1258	0.67932	-0.317269	-0.157198	-0.30102
1259	0.67986	-0.313051	-0.160016	-0.298799
1260	0.6804	-0.308784	-0.162784	-0.296514
1261	0.68094	-0.304469	-0.165502	-0.294167
1262	0.68148	-0.30011	-0.16817	-0.291757
1263	0.68202	-0.295706	-0.170788	-0.289288
1264	0.68256	-0.29126	-0.173357	-0.286761
1265	0.6831	-0.286774	-0.175876	-0.284177
1266	0.68364	-0.28225	-0.178346	-0.281536
1267	0.68418	-0.277689	-0.180766	-0.278842
1268	0.68472	-0.273094	-0.183137	-0.276095
1269	0.68526	-0.268466	-0.185459	-0.273297
1270	0.6858	-0.263807	-0.187732	-0.27045
1271	0.68634	-0.259118	-0.189956	-0.267554
1272	0.68688	-0.254403	-0.192132	-0.264612
1273	0.68742	-0.249662	-0.19426	-0.261625
1274	0.68796	-0.244898	-0.19634	-0.258594
1275	0.6885	-0.240112	-0.198371	-0.255522
1276	0.68904	-0.235306	-0.200355	-0.252409
1277	0.68958	-0.230483	-0.202292	-0.249257
1278	0.69012	-0.225643	-0.204182	-0.246068
1279	0.69066	-0.220789	-0.206024	-0.242844
1280	0.6912	-0.215922	-0.20782	-0.239586
1281	0.69174	-0.211045	-0.20957	-0.236295
1282	0.69228	-0.20616	-0.211273	-0.232974
1283	0.69282	-0.201267	-0.212931	-0.229623
1284	0.69336	-0.196369	-0.214543	-0.226245
1285	0.6939	-0.191468	-0.216111	-0.22284
1286	0.69444	-0.186566	-0.217633	-0.219412
1287	0.69498	-0.181664	-0.21911	-0.21596
1288	0.69552	-0.176763	-0.220544	-0.212487
1289	0.69606	-0.171867	-0.221934	-0.208995
1290	0.6966	-0.166976	-0.22328	-0.205484
1291	0.69714	-0.162092	-0.224582	-0.201957
1292	0.69768	-0.157218	-0.225843	-0.198415
1293	0.69822	-0.152354	-0.22706	-0.19486
1294	0.69876	-0.147502	-0.228236	-0.191293
1295	0.6993	-0.142664	-0.229369	-0.187715
1296	0.69984	-0.137842	-0.230462	-0.184129
1297	0.70038	-0.133038	-0.231513	-0.180536
1298	0.70092	-0.128252	-0.232524	-0.176937
1299	0.70146	-0.123486	-0.233495	-0.173334
1300	0.702	-0.118743	-0.234426	-0.169728
1301	0.70254	-0.114023	-0.235318	-0.166121
1302	0.70308	-0.109328	-0.23617	-0.162514
1303	0.70362	-0.10466	-0.236985	-0.158909
1304	0.70416	-0.10002	-0.237761	-0.155307
1305	0.7047	-0.0954094	-0.238499	-0.15171
1306	0.70524	-0.0908297	-0.239201	-0.148119
1307	0.70578	-0.0862823	-0.239865	-0.144536
1308	0.70632	-0.0817685	-0.240493	-0.140961
1309	0.70686	-0.0772898	-0.241085	-0.137396
1310	0.7074	-0.0728474	-0.241642	-0.133843
1311	0.70794	-0.0684426	-0.242164	-0.130303
1312	0.70848	-0.0640767	-0.242651	-0.126777
1313	0.70902	-0.059751	-0.243104	-0.123266
1314	0.70956	-0.0554665	-0.243523	-0.119772
1315	0.7101	-0.0512245	-0.243909	-0.116296
1316	0.71064	-0.0470262	-0.244263	-0.11284
1317	0.71118	-0.0428726	-0.244584	-0.109403
1318	0.71172	-0.0387649	-0.244873	-0.105989
1319	0.71226	-0.0347041	-0.245131	-0.102597
1320	0.7128	-0.0306911	-0.245358	-0.0992289
1321	0.71334	-0.0267271	-0.245554	-0.095886
1322	0.71388	-0.022813	-0.24572	-0.0925693
1323	0.71442	-0.0189496	-0.245857	-0.0892798
1324	0.71496	-0.0151379	-0.245965	-0.0860186
1325	0.7155	-0.0113788	-0.246044	-0.0827867
1326	0.71604	-0.0076731	-0.246095	-0.0795852
1327	0.71658	-0.00402156	-0.246118	-0.0764149
1328	0.71712	-0.000424973	-0.246115	-0.073277
1329	0.71766	0.00311592	-0.246084	-0.0701722
1330	0.7182	0.00660043	-0.246027	-0.0671015
1331	0.71874	0.0100279	-0.245944	-0.0640658
1332	0.71928	0.0133976	-0.245836	-0.0610659
1333	0.71982	0.0167091	-0.245703	-0.0581027
1334	0.72036	0.0199617	-0.245545	-0.055177
1335	0.7209	0.0231549	-0.245363	-0.0522895
1336	0.72144	0.0262881	-0.245158	-0.049441
1337	0.72198	0.0293611	-0.24493	-0.0466323
1338	0.72252	0.0323731	-0.244678	-0.0438641
1339	0.72306	0.035324	-0.244405	-0.0411369
1340	0.7236	0.0382133	-0.24411	-0.0384515
1341	0.72414	0.0410406	-0.243793	-0.0358086
1342	0.72468	0.0438058	-0.243456	-0.0332086
1343	0.72522	0.0465084	-0.243097	-0.0306521
1344	0.72576	0.0491482	-0.242719	-0.0281398
1345	0.7263	0.0517251	-0.242321	-0.0256721
1346	0.72684	0.0542388	-0.241904	-0.0232496
1347	0.72738	0.0566893	-0.241468	-0.0208726
1348	0.72792	0.0590763	-0.241013	-0.0185417
1349	0.72846	0.0613998	-0.240541	-0.0162572
1350	0.729	0.0636598	-0.24005	-0.0140195
1351	0.72954	0.0658562	-0.239543	-0.0118291
1352	0.73008	0.0679891	-0.239018	-0.00968617
1353	0.73062	0.0700584	-0.238477	-0.00759112
1354	0.73116	0.0720643	-0.23792	-0.00554422
1355	0.7317	0.0740068	-0.237347	-0.00354573
1356	0.73224	0.075886	-0.236758	-0.00159589
1357	0.73278	0.0777022	-0.236155	0.00030508
1358	0.73332	0.0794554	-0.235536	0.002157
1359	0.73386	0.0811459	-0.234904	0.00395969
1360	0.7344	0.082774	-0.234257	0.00571302
1361	0.73494	0.0843398	-0.233597	0.00741686
1362	0.73548	0.0858438	-0.232923	0.00907112
1363	0.73602	0.0872861	-0.232237	0.0106757
1364	0.73656	0.0886671	-0.231537	0.0122306
1365	0.7371	0.0899873	-0.230825	0.0137358
1366	0.73764	0.0912469	-0.230101	0.0151912
1367	0.73818	0.0924464	-0.229365	0.016597
1368	0.73872	0.0935862	-0.228618	0.017953
1369	0.73926	0.0946668	-0.227859	0.0192594
1370	0.7398	0.0956887	-0.227089	0.0205162
1371	0.74034	0.0966523	-0.226309	0.0217236
1372	0.74088	0.0975582	-0.225518	0.0228817
1373	0.74142	0.098407	-0.224717	0.0239906
1374	0.74196	0.0991991	-0.223905	0.0250505
1375	0.7425	0.0999353	-0.223084	0.0260615
1376	0.74304	0.100616	-0.222254	0.0270239
1377	0.74358	0.101242	-0.221414	0.0279378
1378	0.74412	0.101814	-0.220564	0.0288035
1379	0.74466	0.102332	-0.219706	0.0296213
1380	0.7452	0.102797	-0.218839	0.0303914
1381	0.74574	0.103211	-0.217964	0.0311141
1382	0.74628	0.103572	-0.21708	0.0317896
1383	0.74682	0.103884	-0.216188	0.0324184
1384	0.74736	0.104145	-0.215288	0.0330008
1385	0.7479	0.104357	-0.21438	0.033537
1386	0.74844	0.10452	-0.213464	0.0340275
1387	0.74898	0.104636	-0.212541	0.0344726
1388	0.74952	0.104704	-0.211609	0.0348727
1389	0.75006	0.104727	-0.210671	0.0352282
1390	0.7506	0.104704	-0.209725	0.0355396
1391	0.75114	0.104637	-0.208772	0.0358072
1392	0.75168	0.104526	-0.207812	0.0360315
1393	0.75222	0.104372	-0.206845	0.036213
1394	0.75276	0.104177	-0.20587	0.0363521
1395	0.7533	0.10394	-0.204889	0.0364492
1396	0.75384	0.103662	-0.203901	0.036505
1397	0.75438	0.103346	-0.202906	0.0365198
1398	0.75492	0.10299	-0.201905	0.0364941
1399	0.75546	0.102597	-0.200896	0.0364285
1400	0.756	0.102168	-0.199881	0.0363235
1401	0.75654	0.101702	-0.198859	0.0361797
1402	0.75708	0.101201	-0.19783	0.0359975
1403	0.75762	0.100666	-0.196795	0.0357774
1404	0.75816	0.100098	-0.195753	0.0355202
1405	0.7587	0.099497	-0.194704	0.0352262
1406	0.75924	0.0988648	-0.193648	0.0348961
1407	0.75978	0.0982021	-0.192586	0.0345304
1408	0.76032	0.0975096	-0.191516	0.0341298
1409	0.76086	0.0967883	-0.19044	0.0336947
1410	0.7614	0.0960391	-0.189356	0.0332258
1411	0.76194	0.0952629	-0.188266	0.0327237
1412	0.76248	0.0944606	-0.187168	0.0321889
1413	0.76302	0.093633	-0.186063	0.0316221
1414	0.76356	0.092781	-0.18495	0.0310238
1415	0.7641	0.0919055	-0.183831	0.0303946
1416	0.76464	0.0910075	-0.182703	0.0297352
1417	0.76518	0.0900877	-0.181568	0.0290462
1418	0.76572	0.0891471	-0.180425	0.0283281
1419	0.76626	0.0881864	-0.179274	0.0275817
1420	0.7668	0.0872066	-0.178115	0.0268074
1421	0.76734	0.0862086	-0.176948	0.0260059
1422	0.76788	0.0851931	-0.175772	0.0251778
1423	0.76842	0.084161	-0.174587	0.0243237
1424	0.76896	0.0831131	-0.173394	0.0234443
1425	0.7695	0.0820503	-0.172192	0.0225402
1426	0.77004	0.0809734	-0.170981	0.0216119
1427	0.77058	0.0798831	-0.169761	0.0206601
1428	0.77112	0.0787804	-0.168531	0.0196854
1429	0.77166	0.0776659	-0.167291	0.0186884
1430	0.7722	0.0765405	-0.166041	0.0176697
1431	0.77274	0.075405	-0.164781	0.0166299
1432	0.77328	0.07426	-0.163511	0.0155697
1433	0.77382	0.0731064	-0.16223	0.0144896
1434	0.77436	0.0719449	-0.160939	0.0133903
1435	0.7749	0.0707763	-0.159636	0.0122722
1436	0.77544	0.0696012	-0.158322	0.0111362
1437	0.77598	0.0684204	-0.156996	0.00998262
1438	0.77652	0.0672346	-0.155659	0.00881221
1439	0.77706	0.0660444	-0.154309	0.00762551
1440	0.7776	0.0648506	-0.152947	0.00642312
1441	0.77814	0.0636539	-0.151573	0.00520562
1442	0.77868	0.0624548	-0.150185	0.00397359
1443	0.77922	0.061254	-0.148785	0.00272761
1444	0.77976	0.0600522	-0.147371	0.00146825
1445	0.7803	0.05885	-0.145943	0.000196095
1446	0.78084	0.0576479	-0.144501	-0.0010883
1447	0.78138	0.0564467	-0.143044	-0.00238437
1448	0.78192	0.0552468	-0.141574	-0.00369155
1449	0.78246	0.0540489	-0.140088	-0.00500928
1450	0.783	0.0528535	-0.138586	-0.00633701
1451	0.78354	0.0516612	-0.13707	-0.0076742
1452	0.78408	0.0504724	-0.135537	-0.00902029
1453	0.78462	0.0492878	-0.133988	-0.0103747
1454	0.78516	0.0481078	-0.132423	-0.011737
1455	0.7857	0.0469329	-0.130841	-0.0131066
1456	0.78624	0.0457637	-0.129241	-0.0144829
1457	0.78678	0.0446005	-0.127625	-0.0158655
1458	0.78732	0.043444	-0.12599	-0.0172537
1459	0.78786	0.0422944	-0.124337	-0.0186472
1460	0.7884	0.0411523	-0.122666	-0.0200453
1461	0.78894	0.040018	-0.120976	-0.0214476
1462	0.78948	0.0388921	-0.119267	-0.0228536
1463	0.79002	0.0377748	-0.117539	-0.0242627
1464	0.79056	0.0366667	-0.11579	-0.0256744
1465	0.7911	0.035568	-0.114022	-0.0270883
1466	0.79164	0.0344791	-0.112233	-0.0285038
1467	0.79218	0.0334005	-0.110423	-0.0299205
1468	0.79272	0.0323323	-0.108593	-0.0313379
1469	0.79326	0.0312751	-0.106741	-0.0327554
1470	0.7938	0.0302291	-0.104867	-0.0341727
1471	0.79434	0.0291945	-0.102971	-0.0355892
1472	0.79488	0.0281718	-0.101052	-0.0370044
1473	0.79542	0.0271612	-0.0991111	-0.0384179
1474	0.79596	0.026163	-0.0971469	-0.0398292
1475	0.7965	0.0251775	-0.0951593	-0.0412378
1476	0.79704	0.0242049	-0.093148	-0.0426434
1477	0.79758	0.0232455	-0.0911127	-0.0440453
1478	0.79812	0.0222995	-0.089053	-0.0454431
1479	0.79866	0.0213672	-0.0869687	-0.0468365
1480	0.7992	0.0204488	-0.0848594	-0.0482248
1481	0.79974	0.0195444	-0.0827248	-0.0496078
1482	0.80028	0.0186544	-0.0805646	-0.0509848
1483	0.80082	0.0177789	-0.0783785	-0.0523555
1484	0.80136	0.0169181	-0.0761663	-0.0537195
1485	0.8019	0.0160723	-0.0739275	-0.0550761
1486	0.80244	0.0152414	-0.071662	-0.0564252
1487	0.80298	0.0144259	-0.0693695	-0.057766
1488	0.80352	0.0136257	-0.0670496	-0.0590983
1489	0.80406	0.0128411	-0.064702	-0.0604216
1490	0.8046	0.0120722	-0.0623266	-0.0617354
1491	0.80514	0.0113192	-0.059923	-0.0630393
1492	0.80568	0.0105822	-0.057491	-0.0643328
1493	0.80622	0.00986129	-0.0550303	-0.0656155
1494	0.80676	0.00915664	-0.0525406	-0.066887
1495	0.8073	0.00846837	-0.0500218	-0.0681468
1496	0.80784	0.00779659	-0.0474735	-0.0693945
1497	0.80838	0.00714141	-0.0448956	-0.0706296
1498	0.80892	0.00650294	-0.0422878	-0.0718517
1499	0.80946	0.00588128	-0.0396499	-0.0730604
1500	0.81	0.00527654	-0.0369816	-0.0742551
1501	0.81054	0.00468879	-0.0342828	-0.0754356
1502	0.81108	0.00411815	-0.0315532	-0.0766012
1503	0.81162	0.00356469	-0.0287927	-0.0777517
1504	0.81216	0.00302849	-0.0260011	-0.0788864
1505	0.8127	0.00250965	-0.0231782	-0.0800051
1506	0.81324	0.00200823	-0.0203238	-0.0811072
1507	0.81378	0.00152432	-0.0174377	-0.0821923
1508	0.81432	0.00105799	-0.0145198	-0.0832599
1509	0.81486	0.000609309	-0.01157	-0.0843097
1510	0.8154	0.000178351	-0.00858804	-0.0853411
1511	0.81594	-0.000234815	-0.00557387	-0.0863537
1512	0.81648	-0.000630125	-0.00252734	-0.0873471
1513	0.81702	-0.00100751	0.000551664	-0.0883208
1514	0.81756	-0.0013669	0.00366325	-0.0892743
1515	0.8181	-0.00170825	0.00680752	-0.0902073
1516	0.81864	-0.00203147	0.00998456	-0.0911192
1517	0.81918	-0.00233652	0.0131944	-0.0920095
1518	0.81972	-0.00262333	0.0164373	-0.092878
1519	0.82026	-0.00289183	0.0197131	-0.093724
1520	0.8208	-0.00314196	0.0230219	-0.0945471
1521	0.82134	-0.00337367	0.0263638	-0.0953469
1522	0.82188	-0.00358689	0.0297388	-0.096123
1523	0.82242	-0.00378156	0.033147	-0.0968748
1524	0.82296	-0.00395761	0.0365883	-0.0976018
1525	0.8235	-0.00411499	0.0400627	-0.0983037
1526	0.82404	-0.00425363	0.0435703	-0.09898
1527	0.82458	-0.00437346	0.047111	-0.0996302
1528	0.82512	-0.00447441	0.0506848	-0.100254
1529	0.82566	-0.00455644	0.0542917	-0.10085
1530	0.8262	-0.00461946	0.0579315	-0.10142
1531	0.82674	-0.00466341	0.0616043	-0.101961
1532	0.82728	-0.00468822	0.06531	-0.102474
1533	0.82782	-0.00469383	0.0690484	-0.102958
1534	0.82836	-0.00468016	0.0728196	-0.103412
1535	0.8289	-0.00464714	0.0766233	-0.103837
1536	0.82944	-0.0045947	0.0804595	-0.104232
1537	0.82998	-0.00452276	0.084328	-0.104596
1538	0.83052	-0.00443126	0.0882288	-0.104929
1539	0.83106	-0.00432011	0.0921616	-0.10523
1540	0.8316	-0.00418925	0.0961263	-0.105499
1541	0.83214	-0.00403859	0.100123	-0.105736
1542	0.83268	-0.00386806	0.104151	-0.10594
1543	0.83322	-0.00367757	0.10821	-0.10611
1544	0.83376	-0.00346706	0.1123	-0.106247
1545	0.8343	-0.00323644	0.116422	-0.106349
1546	0.83484	-0.00298563	0.120574	-0.106417
1547	0.83538	-0.00271454	0.124756	-0.106449
1548	0.83592	-0.00242311	0.128969	-0.106446
1549	0.83646	-0.00211125	0.133212	-0.106407
1550	0.837	-0.00177887	0.137484	-0.106331
1551	0.83754	-0.00142591	0.141786	-0.106219
1552	0.83808	-0.00105227	0.146116	-0.106069
1553	0.83862	-0.000657872	0.150476	-0.105882
1554	0.83916	-0.000242646	0.154864	-0.105656
1555	0.8397	0.000193492	0.15928	-0.105393
1556	0.84024	0.000650619	0.163723	-0.10509
1557	0.84078	0.00112881	0.168194	-0.104748
1558	0.84132	0.00162815	0.172692	-0.104366
1559	0.84186	0.0021487	0.177217	-0.103945
1560	0.8424	0.00269054	0.181768	-0.103483
1561	0.84294	0.00325374	0.186345	-0.10298
1562	0.84348	0.00383837	0.190947	-0.102436
1563	0.84402	0.00444449	0.195574	-0.101851
1564	0.84456	0.00507217	0.200226	-0.101224
1565	0.8451	0.00572147	0.204902	-0.100555
1566	0.84564	0.00639245	0.209601	-0.0998433
1567	0.84618	0.00708516	0.214324	-0.0990892
1568	0.84672	0.00779965	0.219069	-0.0982921
1569	0.84726	0.00853597	0.223836	-0.0974517
1570	0.8478	0.00929416	0.228625	-0.0965677
1571	0.84834	0.0100743	0.233435	-0.0956399
1572	0.84888	0.0108763	0.238266	-0.0946681
1573	0.84942	0.0117004	0.243117	-0.093652
1574	0.84996	0.0125464	0.247988	-0.0925913
1575	0.8505	0.0134144	0.252877	-0.0914858
1576	0.85104	0.0143045	0.257785	-0.0903354
1577	0.85158	0.0152167	0.262711	-0.0891399
1578	0.85212	0.0161508	0.267653	-0.087899
1579	0.85266	0.017107	0.272613	-0.0866127
1580	0.8532	0.0180853	0.277588	-0.0852807
1581	0.85374	0.0190855	0.282579	-0.083903
1582	0.85428	0.0201077	0.287585	-0.0824794
1583	0.85482	0.0211519	0.292604	-0.0810098
1584	0.85536	0.0222179	0.297637	-0.0794941
1585	0.8559	0.0233058	0.302683	-0.0779323
1586	0.85644	0.0244156	0.307741	-0.0763242
1587	0.85698	0.025547	0.312811	-0.07467
1588	0.85752	0.0267	0.317891	-0.0729695
1589	0.85806	0.0278747	0.322981	-0.0712227
1590	0.8586	0.0290708	0.328081	-0.0694297
1591	0.85914	0.0302882	0.333189	-0.0675905
1592	0.85968	0.0315269	0.338305	-0.0657051
1593	0.86022	0.0327867	0.343428	-0.0637737
1594	0.86076	0.0340675	0.348558	-0.0617962
1595	0.8613	0.0353691	0.353693	-0.0597729
1596	0.86184	0.0366913	0.358834	-0.0577038
1597	0.86238	0.038034	0.363978	-0.0555891
1598	0.86292	0.0393971	0.369126	-0.0534289
1599	0.86346	0.0407802	0.374276	-0.0512235
1600	0.864	0.0421833	0.379429	-0.048973
1601	0.86454	0.043606	0.384582	-0.0466777
1602	0.86508	0.0450481	0.389735	-0.0443379
1603	0.86562	0.0465095	0.394888	-0.0419538
1604	0.86616	0.0479897	0.40004	-0.0395257
1605	0.8667	0.0494887	0.405189	-0.0370538
1606	0.86724	0.051006	0.410335	-0.0345387
1607	0.86778	0.0525413	0.415478	-0.0319806
1608	0.86832	0.0540944	0.420616	-0.0293798
1609	0.86886	0.0556649	0.425748	-0.0267369
1610	0.8694	0.0572525	0.430873	-0.0240522
1611	0.86994	0.0588567	0.435992	-0.0213262
1612	0.87048	0.0604773	0.441102	-0.0185594
1613	0.87102	0.0621138	0.446204	-0.0157522
1614	0.87156	0.0637659	0.451295	-0.0129052
1615	0.8721	0.0654331	0.456376	-0.010019
1616	0.87264	0.0671149	0.461446	-0.00709395
1617	0.87318	0.0688109	0.466502	-0.00413084
1618	0.87372	0.0705208	0.471546	-0.00113021
1619	0.87426	0.0722438	0.476575	0.00190729
1620	0.8748	0.0739797	0.48159	0.00498099
1621	0.87534	0.0757277	0.486588	0.00809023
1622	0.87588	0.0774876	0.491569	0.0112343
1623	0.87642	0.0792585	0.496533	0.0144125
1624	0.87696	0.0810401	0.501478	0.0176239
1625	0.8775	0.0828317	0.506403	0.020868
1626	0.87804	0.0846328	0.511308	0.0241438
1627	0.87858	0.0864426	0.516192	0.0274506
1628	0.87912	0.0882607	0.521053	0.0307874
1629	0.87966	0.0900863	0.525892	0.0341535
1630	0.8802	0.0919189	0.530706	0.0375478
1631	0.88074	0.0937576	0.535495	0.0409696
1632	0.88128	0.0956019	0.540259	0.0444179
1633	0.88182	0.0974509	0.544995	0.0478917
1634	0.88236	0.0993041	0.549704	0.0513901
1635	0.8829	0.101161	0.554384	0.0549119
1636	0.88344	0.10302	0.559035	0.0584563
1637	0.88398	0.104881	0.563656	0.0620221
1638	0.88452	0.106743	0.568245	0.0656084
1639	0.88506	0.108605	0.572803	0.0692139
1640	0.8856	0.110467	0.577327	0.0728376
1641	0.88614	0.112328	0.581817	0.0764784
1642	0.88668	0.114186	0.586272	0.0801351
1643	0.88722	0.116041	0.590692	0.0838066
1644	0.88776	0.117892	0.595075	0.0874916
1645	0.8883	0.119739	0.599421	0.091189
1646	0.88884	0.121579	0.603728	0.0948975
1647	0.88938	0.123413	0.607997	0.0986159
1648	0.88992	0.12524	0.612225	0.102343
1649	0.89046	0.127058	0.616412	0.106077
1650	0.891	0.128867	0.620557	0.109818
1651	0.89154	0.130665	0.62466	0.113563
1652	0.89208	0.132452	0.628719	0.117311
1653	0.89262	0.134227	0.632734	0.121062
1654	0.89316	0.135989	0.636704	0.124813
1655	0.8937	0.137736	0.640628	0.128564
1656	0.89424	0.139468	0.644505	0.132313
1657	0.89478	0.141183	0.648334	0.136058
1658	0.89532	0.142882	0.652115	0.139798
1659	0.89586	0.144561	0.655846	0.143532
1660	0.8964	0.146222	0.659528	0.147259
1661	0.89694	0.147862	0.663158	0.150976
1662	0.89748	0.149481	0.666737	0.154683
1663	0.89802	0.151077	0.670264	0.158377
1664	0.89856	0.152649	0.673737	0.162058
1665	0.8991	0.154197	0.677157	0.165724
1666	0.89964	0.155719	0.680521	0.169374
1667	0.90018	0.157214	0.68383	0.173005
1668	0.90072	0.158681	0.687084	0.176617
1669	0.90126	0.160119	0.69028	0.180208
1670	0.9018	0.161527	0.693418	0.183776
1671	0.90234	0.162904	0.696499	0.18732
1672	0.90288	0.164249	0.69952	0.190839
1673	0.90342	0.16556	0.702481	0.194331
1674	0.90396	0.166837	0.705382	0.197794
1675	0.9045	0.168078	0.708222	0.201226
1676	0.90504	0.169282	0.711	0.204628
1677	0.90558	0.170449	0.713716	0.207995
1678	0.90612	0.171577	0.716369	0.211329
1679	0.90666	0.172665	0.718958	0.214626
1680	0.9072	0.173712	0.721483	0.217885
1681	0.90774	0.174716	0.723944	0.221104
1682	0.90828	0.175678	0.726338	0.224283
1683	0.90882	0.176596	0.728667	0.22742
1684	0.90936	0.177468	0.730929	0.230513
1685	0.9099	0.178294	0.733124	0.23356
1686	0.91044	0.179072	0.735252	0.236561
1687	0.91098	0.179802	0.737311	0.239513
1688	0.91152	0.180483	0.739301	0.242416
1689	0.91206	0.181113	0.741222	0.245267
1690	0.9126	0.181692	0.743074	0.248065
1691	0.91314	0.182218	0.744855	0.25081
1692	0.91368	0.18269	0.746566	0.253499
1693	0.91422	0.183109	0.748205	0.256131
1694	0.91476	0.183472	0.749773	0.258704
1695	0.9153	0.183778	0.751269	0.261218
1696	0.91584	0.184028	0.752693	0.26367
1697	0.91638	0.184219	0.754044	0.26606
1698	0.91692	0.184351	0.755321	0.268386
1699	0.91746	0.184423	0.756526	0.270647
1700	0.918	0.184434	0.757656	0.272842
1701	0.91854	0.184384	0.758712	0.274968
1702	0.91908	0.184271	0.759694	0.277026
1703	0.91962	0.184095	0.7606	0.279013
1704	0.92016	0.183854	0.761432	0.280929
1705	0.9207	0.183549	0.762188	0.282772
1706	0.92124	0.183178	0.762868	0.284541
1707	0.92178	0.182741	0.763473	0.286235
1708	0.92232	0.182237	0.764001	0.287853
1709	0.92286	0.181665	0.764453	0.289394
1710	0.9234	0.181024	0.764829	0.290856
1711	0.92394	0.180315	0.765128	0.292239
1712	0.92448	0.179536	0.765349	0.293541
1713	0.92502	0.178686	0.765494	0.294762
1714	0.92556	0.177766	0.765561	0.295901
1715	0.9261	0.176774	0.765552	0.296956
1716	0.92664	0.175711	0.765464	0.297927
1717	0.92718	0.174575	0.765299	0.298813
1718	0.92772	0.173367	0.765057	0.299613
1719	0.92826	0.172085	0.764736	0.300326
1720	0.9288	0.17073	0.764338	0.300951
1721	0.92934	0.169301	0.763862	0.301488
1722	0.92988	0.167797	0.763309	0.301936
1723	0.93042	0.166219	0.762677	0.302294
1724	0.93096	0.164566	0.761968	0.302562
1725	0.9315	0.162838	0.761181	0.302739
1726	0.93204	0.161035	0.760317	0.302824
1727	0.93258	0.159156	0.759375	0.302817
1728	0.93312	0.157202	0.758355	0.302717
1729	0.93366	0.155172	0.757258	0.302524
1730	0.9342	0.153066	0.756083	0.302238
1731	0.93474	0.150884	0.754832	0.301857
1732	0.93528	0.148626	0.753503	0.301383
1733	0.93582	0.146293	0.752098	0.300813
1734	0.93636	0.143883	0.750616	0.300149
1735	0.9369	0.141398	0.749057	0.29939
1736	0.93744	0.138838	0.747422	0.298535
1737	0.93798	0.136202	0.745711	0.297585
1738	0.93852	0.13349	0.743924	0.296539
1739	0.93906	0.130704	0.742062	0.295397
1740	0.9396	0.127844	0.740124	0.294159
1741	0.94014	0.124908	0.738111	0.292826
1742	0.94068	0.121899	0.736024	0.291397
1743	0.94122	0.118816	0.733862	0.289872
1744	0.94176	0.11566	0.731627	0.288252
1745	0.9423	0.112431	0.729317	0.286536
1746	0.94284	0.10913	0.726934	0.284725
1747	0.94338	0.105757	0.724479	0.28282
1748	0.94392	0.102313	0.72195	0.280819
1749	0.94446	0.0987976	0.71935	0.278724
1750	0.945	0.0952127	0.716678	0.276535
1751	0.94554	0.0915585	0.713935	0.274253
1752	0.94608	0.0878357	0.711121	0.271877
1753	0.94662	0.084045	0.708236	0.269409
1754	0.94716	0.0801872	0.705282	0.266849
1755	0.9477	0.0762631	0.702258	0.264197
1756	0.94824	0.0722736	0.699166	0.261454
1757	0.94878	0.0682195	0.696005	0.258621
1758	0.94932	0.0641018	0.692776	0.255698
1759	0.94986	0.0599214	0.689481	0.252687
1760	0.9504	0.0556794	0.686118	0.249587
1761	0.95094	0.0513766	0.68269	0.2464
1762	0.95148	0.0470143	0.679196	0.243127
1763	0.95202	0.0425935	0.675637	0.239768
1764	0.95256	0.0381152	0.672014	0.236325
1765	0.9531	0.0335808	0.668327	0.232798
1766	0.95364	0.0289913	0.664578	0.229188
1767	0.95418	0.024348	0.660766	0.225497
1768	0.95472	0.0196521	0.656892	0.221725
1769	0.95526	0.014905	0.652958	0.217874
1770	0.9558	0.0101079	0.648963	0.213945
1771	0.95634	0.00526222	0.644909	0.209938
1772	0.95688	0.000369314	0.640795	0.205856
1773	0.95742	-0.00456941	0.636624	0.201699
1774	0.95796	-0.00955252	0.632396	0.19747
1775	0.9585	-0.0145785	0.62811	0.193168
1776	0.95904	-0.019646	0.623769	0.188795
1777	0.95958	-0.0247533	0.619373	0.184354
1778	0.96012	-0.029899	0.614923	0.179845
1779	0.96066	-0.0350815	0.610419	0.175269
1780	0.9612	-0.0402992	0.605862	0.170629
1781	0.96174	-0.0455504	0.601253	0.165925
1782	0.96228	-0.0508335	0.596594	0.16116
1783	0.96282	-0.0561469	0.591884	0.156335
1784	0.96336	-0.0614888	0.587125	0.151451
1785	0.9639	-0.0668576	0.582317	0.14651
1786	0.96444	-0.0722515	0.577462	0.141514
1787	0.96498	-0.0776687	0.572559	0.136465
1788	0.96552	-0.0831075	0.567611	0.131363
1789	0.96606	-0.088566	0.562618	0.126212
1790	0.9666	-0.0940426	0.55758	0.121012
1791	0.96714	-0.0995353	0.5525	0.115766
1792	0.96768	-0.105042	0.547377	0.110475
1793	0.96822	-0.110562	0.542212	0.105141
1794	0.96876	-0.116092	0.537007	0.0997659
1795	0.9693	-0.12163	0.531763	0.0943516
1796	0.96984	-0.127176	0.526479	0.0889001
1797	0.97038	-0.132726	0.521158	0.0834132
1798	0.97092	-0.138279	0.5158	0.0778927
1799	0.97146	-0.143834	0.510407	0.0723407
1800	0.972	-0.149387	0.504978	0.066759
1801	0.97254	-0.154937	0.499516	0.0611497
1802	0.97308	-0.160483	0.49402	0.0555147
1803	0.97362	-0.166022	0.488493	0.049856
1804	0.97416	-0.171552	0.482934	0.0441755
1805	0.9747	-0.177071	0.477345	0.0384754
1806	0.97524	-0.182578	0.471728	0.0327576
1807	0.97578	-0.18807	0.466082	0.0270242
1808	0.97632	-0.193545	0.460409	0.0212771
1809	0.97686	-0.199002	0.45471	0.0155184
1810	0.9774	-0.204437	0.448986	0.00975019
1811	0.97794	-0.209851	0.443238	0.00397445
1812	0.97848	-0.21524	0.437466	-0.00180673
1813	0.97902	-0.220602	0.431673	-0.00759131
1814	0.97956	-0.225935	0.425858	-0.0133772
1815	0.9801	-0.231239	0.420024	-0.0191625
1816	0.98064	-0.236509	0.41417	-0.0249449
1817	0.98118	-0.241746	0.408298	-0.0307226
1818	0.98172	-0.246946	0.402408	-0.0364934
1819	0.98226	-0.252108	0.396503	-0.0422553
1820	0.9828	-0.257229	0.390583	-0.0480063
1821	0.98334	-0.262309	0.384648	-0.0537443
1822	0.98388	-0.267344	0.378701	-0.0594673
1823	0.98442	-0.272334	0.372741	-0.0651733
1824	0.98496	-0.277276	0.36677	-0.0708603
1825	0.9855	-0.282168	0.360789	-0.0765263
1826	0.98604	-0.287009	0.354799	-0.0821692
1827	0.98658	-0.291797	0.348801	-0.0877872
1828	0.98712	-0.29653	0.342796	-0.0933782
1829	0.98766	-0.301205	0.336785	-0.0989403
1830	0.9882	-0.305823	0.330768	-0.104472
1831	0.98874	-0.31038	0.324748	-0.10997
1832	0.98928	-0.314875	0.318724	-0.115434
1833	0.98982	-0.319306	0.312698	-0.120861
1834	0.99036	-0.323672	0.306671	-0.12625
1835	0.9909	-0.32797	0.300643	-0.131599
1836	0.99144	-0.3322	0.294617	-0.136905
1837	0.99198	-0.33636	0.288592	-0.142168
1838	0.99252	-0.340448	0.28257	-0.147384
1839	0.99306	-0.344462	0.276551	-0.152554
1840	0.9936	-0.348402	0.270537	-0.157674
1841	0.99414	-0.352265	0.264529	-0.162743
1842	0.99468	-0.35605	0.258527	-0.16776
1843	0.99522	-0.359756	0.252532	-0.172722
1844	0.99576	-0.363382	0.246546	-0.177628
1845	0.9963	-0.366925	0.240569	-0.182477
1846	0.99684	-0.370385	0.234603	-0.187267
1847	0.99738	-0.373761	0.228647	-0.191996
1848	0.99792	-0.37705	0.222703	-0.196662
1849	0.99846	-0.380252	0.216773	-0.201265
1850	0.999	-0.383366	0.210856	-0.205803
1851	0.99954	-0.386391	0.204954	-0.210274
1852	1.00008	-0.389325	0.199067	-0.214677
1853	1.00062	-0.392167	0.193197	-0.219011
1854	1.00116	-0.394917	0.187344	-0.223274
1855	1.0017	-0.397572	0.181509	-0.227465
1856	1.00224	-0.400134	0.175693	-0.231582
1857	1.00278	-0.402599	0.169897	-0.235625
1858	1.00332	-0.404968	0.164121	-0.239592
1859	1.00386	-0.40724	0.158367	-0.243483
1860	1.0044	-0.409414	0.152635	-0.247295
1861	1.00494	-0.411488	0.146927	-0.251028
1862	1.00548	-0.413463	0.141242	-0.254681
1863	1.00602	-0.415338	0.135582	-0.258252
1864	1.00656	-0.417112	0.129947	-0.261742
1865	1.0071	-0.418785	0.124338	-0.265148
1866	1.00764	-0.420355	0.118756	-0.26847
1867	1.00818	-0.421823	0.113202	-0.271707
1868	1.00872	-0.423188	0.107676	-0.274859
1869	1.00926	-0.424449	0.10218	-0.277924
1870	1.0098	-0.425606	0.0967126	-0.280901
1871	1.01034	-0.42666	0.0912762	-0.283791
1872	1.01088	-0.427609	0.0858709	-0.286592
1873	1.01142	-0.428453	0.0804976	-0.289304
1874	1.01196	-0.429192	0.0751567	-0.291926
1875	1.0125	-0.429827	0.069849	-0.294457
1876	1.01304	-0.430356	0.0645751	-0.296898
1877	1.01358	-0.43078	0.0593356	-0.299247
1878	1.01412	-0.431098	0.0541312	-0.301504
1879	1.01466	-0.431312	0.0489624	-0.30367
1880	1.0152	-0.43142	0.0438299	-0.305742
1881	1.01574	-0.431424	0.0387343	-0.307722
1882	1.01628	-0.431322	0.033676	-0.309609
1883	1.01682	-0.431116	0.0286557	-0.311403
1884	1.01736	-0.430805	0.0236739	-0.313103
1885	1.0179	-0.430391	0.0187311	-0.31471
1886	1.01844	-0.429872	0.0138278	-0.316223
1887	1.01898	-0.42925	0.00896465	-0.317642
1888	1.01952	-0.428525	0.00414202	-0.318967
1889	1.02006	-0.427698	-0.000639574	-0.320199
1890	1.0206	-0.426768	-0.00537967	-0.321337
1891	1.02114	-0.425737	-0.0100778	-0.322382
1892	1.02168	-0.424605	-0.0147336	-0.323333
1893	1.02222	-0.423373	-0.0193465	-0.324192
1894	1.02276	-0.422041	-0.0239161	-0.324957
1895	1.0233	-0.42061	-0.0284422	-0.325629
1896	1.02384	-0.419081	-0.0329241	-0.326209
1897	1.02438	-0.417455	-0.0373617	-0.326697
1898	1.02492	-0.415732	-0.0417545	-0.327094
1899	1.02546	-0.413914	-0.0461021	-0.327399
1900	1.026	-0.412001	-0.0504043	-0.327613
1901	1.02654	-0.409994	-0.0546607	-0.327737
1902	1.02708	-0.407894	-0.058871	-0.327772
1903	1.02762	-0.405703	-0.0630349	-0.327717
1904	1.02816	-0.40342	-0.0671521	-0.327573
1905	1.0287	-0.401048	-0.0712223	-0.327342
1906	1.02924	-0.398588	-0.0752454	-0.327023
1907	1.02978	-0.39604	-0.0792209	-0.326618
1908	1.03032	-0.393406	-0.0831488	-0.326127
1909	1.03086	-0.390688	-0.0870287	-0.325551
1910	1.0314	-0.387885	-0.0908605	-0.32489
1911	1.03194	-0.385	-0.0946441	-0.324147
1912	1.03248	-0.382034	-0.0983791	-0.32332
1913	1.03302	-0.378989	-0.102065	-0.322412
1914	1.03356	-0.375865	-0.105703	-0.321423
1915	1.0341	-0.372664	-0.109292	-0.320355
1916	1.03464	-0.369388	-0.112831	-0.319207
1917	1.03518	-0.366038	-0.116321	-0.317982
1918	1.03572	-0.362615	-0.119762	-0.31668
1919	1.03626	-0.359121	-0.123154	-0.315302
1920	1.0368	-0.355558	-0.126496	-0.31385
1921	1.03734	-0.351927	-0.129789	-0.312324
1922	1.03788	-0.34823	-0.133032	-0.310726
1923	1.03842	-0.344468	-0.136225	-0.309057
1924	1.03896	-0.340643	-0.139369	-0.307317
1925	1.0395	-0.336757	-0.142463	-0.305509
1926	1.04004	-0.33281	-0.145508	-0.303634
1927	1.04058	-0.328806	-0.148503	-0.301692
1928	1.04112	-0.324746	-0.151448	-0.299685
1929	1.04166	-0.320631	-0.154344	-0.297614
1930	1.0422	-0.316463	-0.15719	-0.295481
1931	1.04274	-0.312244	-0.159986	-0.293286
1932	1.04328	-0.307976	-0.162733	-0.291032
1933	1.04382	-0.30366	-0.165431	-0.28872
1934	1.04436	-0.299298	-0.16808	-0.28635
1935	1.0449	-0.294892	-0.170679	-0.283925
1936	1.04544	-0.290444	-0.17323	-0.281445
1937	1.04598	-0.285956	-0.175731	-0.278913
1938	1.04652	-0.28143	-0.178184	-0.276329
1939	1.04706	-0.276866	-0.180588	-0.273696
1940	1.0476	-0.272268	-0.182943	-0.271013
1941	1.04814	-0.267637	-0.185251	-0.268284
1942	1.04868	-0.262975	-0.18751	-0.265509
1943	1.04922	-0.258283	-0.189721	-0.26269
1944	1.04976	-0.253565	-0.191885	-0.259829
1945	1.0503	-0.24882	-0.194001	-0.256926
1946	1.05084	-0.244052	-0.196069	-0.253983
1947	1.05138	-0.239262	-0.198091	-0.251003
1948	1.05192	-0.234452	-0.200066	-0.247985
1949	1.05246	-0.229624	-0.201994	-0.244933
1950	1.053	-0.22478	-0.203875	-0.241847
1951	1.05354	-0.219921	-0.205711	-0.238729
1952	1.05408	-0.21505	-0.207501	-0.23558
1953	1.05462	-0.210168	-0.209245	-0.232402
1954	1.05516	-0.205277	-0.210944	-0.229196
1955	1.0557	-0.200379	-0.212598	-0.225965
1956	1.05624	-0.195476	-0.214208	-0.222709
1957	1.05678	-0.190569	-0.215773	-0.219429
1958	1.05732	-0.185661	-0.217294	-0.216128
1959	1.05786	-0.180753	-0.218772	-0.212808
1960	1.0584	-0.175846	-0.220206	-0.209468
1961	1.05894	-0.170944	-0.221597	-0.206111
1962	1.05948	-0.166046	-0.222945	-0.202739
1963	1.06002	-0.161156	-0.224251	-0.199353
1964	1.06056	-0.156275	-0.225515	-0.195954
1965	1.0611	-0.151404	-0.226738	-0.192543
1966	1.06164	-0.146545	-0.227919	-0.189123
1967	1.06218	-0.141701	-0.22906	-0.185695
1968	1.06272	-0.136872	-0.23016	-0.182259
1969	1.06326	-0.13206	-0.23122	-0.178818
1970	1.0638	-0.127266	-0.23224	-0.175373
1971	1.06434	-0.122494	-0.233221	-0.171926
1972	1.06488	-0.117743	-0.234163	-0.168477
1973	1.06542	-0.113015	-0.235067	-0.165027
1974	1.06596	-0.108312	-0.235933	-0.16158
1975	1.0665	-0.103636	-0.236761	-0.158135
1976	1.06704	-0.0989883	-0.237552	-0.154694
1977	1.06758	-0.0943696	-0.238306	-0.151259
1978	1.06812	-0.0897817	-0.239024	-0.14783
1979	1.06866	-0.085226	-0.239706	-0.144409
1980	1.0692	-0.0807039	-0.240353	-0.140997
1981	1.06974	-0.0762168	-0.240964	-0.137596
1982	1.07028	0	0	0
1983	1.07082	0	0	0
1984	1.07136	0	0	0
1985	1.0719	0	0	0
1986	1.07244	0	0	0
1987	1.07298	0	0	0
1988	1.07352	0	0	0
1989	1.07406	0	0	0
1990	1.0746	0	0	0
